date,fiscalDateEnding,reportedCurrency,grossProfit,totalRevenue,costOfRevenue,costofGoodsAndServicesSold,operatingIncome,sellingGeneralAndAdministrative,researchAndDevelopment,operatingExpenses,investmentIncomeNet,netInterestIncome,interestIncome,interestExpense,nonInterestIncome,otherNonOperatingIncome,depreciation,depreciationAndAmortization,incomeBeforeTax,incomeTaxExpense,interestAndDebtExpense,netIncomeFromContinuingOperations,comprehensiveIncomeNetOfTax,ebit,ebitda,netIncome
1970-01-01 00:00:00.000000000,2021-12-31,USD,696000000,1967000000,1271000000,600000000,-116000000,593000000,138000000,812000000,None,-54000000,2000000,54000000,-7000000,-3000000,None,50000000,507000000,93000000,54000000,413000000,317000000,561000000,611000000,414000000
1970-01-01 00:00:00.000000001,2021-09-30,USD,848000000,1990000000,1142000000,586000000,160000000,504000000,132000000,688000000,None,-56000000,1000000,56000000,-8000000,3000000,None,51000000,659000000,107000000,56000000,552000000,508000000,715000000,766000000,552000000
1970-01-01 00:00:00.000000002,2021-06-30,USD,833000000,1948000000,1115000000,568000000,166000000,495000000,120000000,667000000,None,-57000000,2000000,57000000,-9000000,-2000000,None,52000000,637000000,125000000,57000000,511000000,522000000,694000000,746000000,512000000
1970-01-01 00:00:00.000000003,2021-03-31,USD,855000000,1871000000,1016000000,549000000,270000000,409000000,118000000,585000000,None,-57000000,1000000,57000000,-3000000,-2000000,None,51000000,688000000,129000000,57000000,558000000,656000000,745000000,796000000,559000000
1970-01-01 00:00:00.000000004,2020-12-31,USD,584000000,1807000000,1223000000,601000000,-152000000,520000000,133000000,736000000,None,-58000000,3000000,58000000,-7000000,-4000000,None,52000000,421000000,62000000,58000000,358000000,364000000,479000000,531000000,359000000
1970-01-01 00:00:00.000000005,2020-09-30,USD,760000000,1786000000,1026000000,546000000,168000000,424000000,112000000,592000000,None,-62000000,1000000,62000000,-3000000,-2000000,None,56000000,597000000,118000000,62000000,479000000,600000000,659000000,715000000,479000000
1970-01-01 00:00:00.000000006,2020-06-30,USD,636000000,1548000000,912000000,451000000,64000000,393000000,111000000,572000000,None,-58000000,2000000,58000000,-6000000,0,None,61000000,483000000,106000000,58000000,376000000,302000000,541000000,602000000,377000000
1970-01-01 00:00:00.000000007,2020-03-31,USD,621000000,1534000000,913000000,459000000,60000000,389000000,107000000,561000000,None,-53000000,6000000,53000000,-5000000,1000000,None,62000000,497000000,74000000,53000000,423000000,368000000,550000000,612000000,423000000
1970-01-01 00:00:00.000000008,2019-12-31,USD,1674000000,1674000000,1120000000,530000000,1674000000,472000000,132000000,702000000,None,-56000000,8000000,56000000,-2000000,1000000,None,61000000,437000000,53000000,56000000,384000000,357000000,493000000,554000000,384000000
1970-01-01 00:00:00.000000009,2019-09-30,USD,654000000,1584000000,930000000,479000000,91000000,391000000,112000000,563000000,None,-56000000,10000000,56000000,-7000000,-1000000,None,60000000,528000000,95000000,56000000,433000000,403000000,584000000,644000000,433000000
1970-01-01 00:00:00.000000010,2019-06-30,USD,676000000,1547000000,871000000,465000000,159000000,406000000,111000000,517000000,None,-55000000,9000000,55000000,-7000000,1000000,None,58000000,455000000,84000000,55000000,371000000,300000000,510000000,568000000,371000000
1970-01-01 00:00:00.000000011,2019-03-31,USD,558000000,1455000000,897000000,518000000,77000000,369000000,102000000,481000000,None,-56000000,10000000,56000000,0,-1000000,None,58000000,381000000,69000000,56000000,312000000,343000000,437000000,495000000,312000000
1970-01-01 00:00:00.000000012,2018-12-31,USD,1564000000,1564000000,1048000000,544000000,1564000000,420000000,125000000,589000000,None,-59000000,None,59000000,-5000000,-3000000,None,61000000,418000000,73000000,59000000,345000000,335000000,477000000,538000000,345000000
1970-01-01 00:00:00.000000013,2018-09-30,USD,556000000,1480000000,924000000,473000000,-3000000,367000000,108000000,559000000,None,-54000000,None,54000000,-9000000,19000000,None,45000000,418000000,71000000,54000000,347000000,271000000,472000000,517000000,347000000
1970-01-01 00:00:00.000000014,2018-06-30,USD,582000000,1415000000,833000000,447000000,94000000,359000000,102000000,488000000,None,-46000000,None,46000000,-9000000,-1000000,None,26000000,439000000,55000000,46000000,382000000,270000000,485000000,511000000,384000000
1970-01-01 00:00:00.000000015,2018-03-31,USD,498000000,1366000000,813000000,447000000,35000000,338000000,97000000,463000000,None,-47000000,None,47000000,-8000000,0,None,25000000,419000000,67000000,47000000,350000000,428000000,466000000,491000000,352000000
1970-01-01 00:00:00.000000016,2017-12-31,USD,1460000000,1460000000,859000000,457000000,1460000000,361000000,110000000,515000000,None,-50000000,None,50000000,-12000000,-2000000,None,25000000,431000000,350000000,50000000,80000000,31000000,481000000,506000000,81000000
1970-01-01 00:00:00.000000017,2017-09-30,USD,1347000000,1347000000,788000000,435000000,1347000000,328000000,96000000,449000000,None,-43000000,None,43000000,-7000000,0,None,26000000,415000000,117000000,43000000,296000000,385000000,458000000,484000000,298000000
1970-01-01 00:00:00.000000018,2017-06-30,USD,1269000000,1269000000,801000000,440000000,1269000000,336000000,86000000,447000000,None,-41000000,None,41000000,-8000000,3000000,None,24000000,345000000,98000000,41000000,247000000,257000000,386000000,410000000,247000000
1970-01-01 00:00:00.000000019,2017-03-31,USD,1231000000,1231000000,777000000,443000000,1231000000,309000000,90000000,424000000,None,-41000000,None,41000000,-2000000,5000000,None,25000000,336000000,98000000,41000000,239000000,284000000,377000000,402000000,238000000
