date,fiscalDateEnding,reportedCurrency,grossProfit,totalRevenue,costOfRevenue,costofGoodsAndServicesSold,operatingIncome,sellingGeneralAndAdministrative,researchAndDevelopment,operatingExpenses,investmentIncomeNet,netInterestIncome,interestIncome,interestExpense,nonInterestIncome,otherNonOperatingIncome,depreciation,depreciationAndAmortization,incomeBeforeTax,incomeTaxExpense,interestAndDebtExpense,netIncomeFromContinuingOperations,comprehensiveIncomeNetOfTax,ebit,ebitda,netIncome
1970-01-01 00:00:00.000000000,2021-12-31,USD,1352000000,1844000000,492000000,9000000,975000000,423000000,75000000,401000000,None,-51000000,56000000,51000000,1764000000,None,19000000,13000000,-711000000,-36000000,51000000,-675000000,-328000000,-660000000,-647000000,-675000000
1970-01-01 00:00:00.000000001,2021-09-30,USD,1356000000,1823000000,467000000,6000000,971000000,413000000,82000000,385000000,None,-52000000,56000000,52000000,1761000000,1000000,19000000,13000000,86000000,-4000000,52000000,90000000,20000000,138000000,151000000,90000000
1970-01-01 00:00:00.000000002,2021-06-30,USD,1355000000,1855000000,500000000,10000000,952000000,434000000,79000000,403000000,None,-52000000,57000000,52000000,1794000000,1000000,19000000,14000000,100000000,9000000,52000000,91000000,161000000,152000000,166000000,91000000
1970-01-01 00:00:00.000000003,2021-03-31,USD,1254000000,1777000000,523000000,9000000,826000000,448000000,74000000,428000000,None,-52000000,56000000,52000000,1712000000,None,19000000,15000000,53000000,14000000,52000000,39000000,36000000,105000000,120000000,39000000
1970-01-01 00:00:00.000000004,2020-12-31,USD,1305000000,1920000000,615000000,11000000,722000000,440000000,75000000,583000000,None,-57000000,58000000,57000000,1931000000,None,23000000,22000000,105000000,28000000,57000000,77000000,338000000,162000000,184000000,77000000
1970-01-01 00:00:00.000000005,2020-09-30,USD,1311000000,1832000000,521000000,6000000,879000000,444000000,76000000,432000000,None,-59000000,56000000,59000000,1767000000,None,21000000,13000000,119000000,29000000,59000000,90000000,178000000,178000000,191000000,90000000
1970-01-01 00:00:00.000000006,2020-06-30,USD,1070000000,1551000000,481000000,8000000,657000000,426000000,76000000,413000000,None,-48000000,59000000,48000000,1467000000,None,22000000,10000000,35000000,8000000,48000000,27000000,130000000,83000000,93000000,27000000
1970-01-01 00:00:00.000000007,2020-03-31,USD,1191000000,1886000000,695000000,6000000,610000000,541000000,84000000,581000000,None,-51000000,67000000,51000000,1858000000,None,21000000,11000000,-3000000,-1000000,51000000,-2000000,-140000000,48000000,59000000,-2000000
1970-01-01 00:00:00.000000008,2019-12-31,USD,1816000000,2451000000,635000000,6000000,1299000000,512000000,93000000,517000000,None,-58000000,67000000,58000000,2384000000,None,24000000,10000000,891000000,73000000,58000000,266000000,1022000000,949000000,959000000,818000000
1970-01-01 00:00:00.000000009,2019-09-30,USD,1694000000,2287000000,593000000,3000000,1221000000,510000000,100000000,473000000,None,-60000000,62000000,60000000,2196000000,None,24000000,9000000,287000000,66000000,60000000,157000000,18000000,347000000,356000000,221000000
1970-01-01 00:00:00.000000010,2019-06-30,USD,897000000,2289000000,1392000000,1392000000,279000000,517000000,88000000,618000000,None,-23000000,64000000,26000000,None,None,26000000,110000000,231000000,50000000,None,141000000,186000000,257000000,367000000,181000000
1970-01-01 00:00:00.000000011,2019-03-31,USD,889000000,2206000000,1317000000,1317000000,234000000,546000000,92000000,655000000,None,-23000000,67000000,27000000,None,None,27000000,118000000,123000000,-10000000,None,84000000,173000000,152000000,270000000,133000000
1970-01-01 00:00:00.000000012,2018-12-31,USD,1014000000,2533000000,1519000000,1519000000,353000000,544000000,94000000,661000000,None,None,67000000,28000000,None,None,30000000,128000000,164000000,27000000,None,82000000,283000000,202000000,330000000,137000000
1970-01-01 00:00:00.000000013,2018-09-30,USD,942000000,2352000000,1410000000,1410000000,245000000,583000000,102000000,697000000,None,None,70000000,28000000,None,None,30000000,120000000,231000000,142000000,None,89000000,150000000,259000000,379000000,89000000
