date,fiscalDateEnding,reportedCurrency,grossProfit,totalRevenue,costOfRevenue,costofGoodsAndServicesSold,operatingIncome,sellingGeneralAndAdministrative,researchAndDevelopment,operatingExpenses,investmentIncomeNet,netInterestIncome,interestIncome,interestExpense,nonInterestIncome,otherNonOperatingIncome,depreciation,depreciationAndAmortization,incomeBeforeTax,incomeTaxExpense,interestAndDebtExpense,netIncomeFromContinuingOperations,comprehensiveIncomeNetOfTax,ebit,ebitda,netIncome
1970-01-01 00:00:00.000000000,2021-12-31,USD,294000000,152000000,449000000,None,294000000,81000000,None,89000000,88000000,553000000,566000000,13000000,190000000,None,None,8000000,269000000,56000000,13000000,-155000000,69000000,282000000,290000000,213000000
1970-01-01 00:00:00.000000001,2021-09-30,USD,-233000000,151000000,384000000,None,-286000000,53000000,None,53000000,78000000,555000000,569000000,14000000,139000000,None,None,-11000000,311000000,71000000,14000000,-777000000,129000000,325000000,314000000,240000000
1970-01-01 00:00:00.000000002,2021-06-30,USD,-176000000,139000000,315000000,None,-230000000,54000000,None,54000000,74000000,555000000,570000000,15000000,205000000,None,None,-8000000,455000000,101000000,15000000,-751000000,381000000,470000000,462000000,354000000
1970-01-01 00:00:00.000000003,2021-03-31,USD,-179000000,133000000,312000000,None,-234000000,58000000,None,55000000,71000000,545000000,562000000,17000000,169000000,None,None,-3000000,411000000,89000000,17000000,-751000000,145000000,428000000,425000000,322000000
1970-01-01 00:00:00.000000004,2020-12-31,USD,292000000,138000000,424000000,None,292000000,83000000,None,66000000,69000000,550000000,570000000,20000000,166000000,None,None,11000000,359000000,75000000,20000000,-132000000,277000000,379000000,390000000,284000000
1970-01-01 00:00:00.000000005,2020-09-30,USD,-348000000,139000000,487000000,None,-400000000,52000000,None,52000000,74000000,555000000,581000000,26000000,157000000,None,None,12000000,215000000,40000000,26000000,-875000000,152000000,241000000,253000000,175000000
1970-01-01 00:00:00.000000006,2020-06-30,USD,-76000000,130000000,591000000,None,-149000000,45000000,None,73000000,80000000,563000000,595000000,32000000,117000000,None,None,18000000,82000000,16000000,32000000,-592000000,162000000,114000000,132000000,66000000
1970-01-01 00:00:00.000000007,2020-03-31,USD,-221000000,143000000,648000000,-51000000,-314000000,48000000,None,93000000,82000000,548000000,622000000,74000000,134000000,82000000,None,45000000,16000000,2000000,74000000,-721000000,230000000,90000000,135000000,14000000
1970-01-01 00:00:00.000000008,2019-12-31,USD,239000000,133000000,472000000,None,239000000,77000000,None,122000000,83000000,559000000,647000000,88000000,152000000,83000000,None,45000000,235000000,52000000,88000000,-233000000,177000000,323000000,368000000,183000000
1970-01-01 00:00:00.000000009,2019-09-30,USD,283000000,140000000,423000000,-69000000,233000000,50000000,None,50000000,88000000,567000000,677000000,110000000,146000000,88000000,None,50000000,288000000,66000000,110000000,-242000000,245000000,398000000,448000000,222000000
1970-01-01 00:00:00.000000010,2019-06-30,USD,239000000,683000000,444000000,-66000000,189000000,50000000,None,50000000,95000000,569000000,684000000,115000000,132000000,95000000,None,49000000,256000000,58000000,115000000,-284000000,345000000,371000000,420000000,198000000
1970-01-01 00:00:00.000000011,2019-03-31,USD,278000000,712000000,434000000,-57000000,185000000,49000000,None,93000000,96000000,576000000,675000000,99000000,132000000,96000000,None,44000000,274000000,61000000,99000000,-297000000,341000000,373000000,417000000,213000000
1970-01-01 00:00:00.000000012,2018-12-31,USD,283000000,728000000,426000000,87000000,283000000,142000000,None,194000000,93000000,576000000,656000000,80000000,140000000,-214000000,None,52000000,290000000,64000000,80000000,-136000000,337000000,370000000,422000000,226000000
1970-01-01 00:00:00.000000013,2018-09-30,USD,310000000,719000000,409000000,-38000000,208000000,53000000,None,102000000,86000000,565000000,631000000,66000000,136000000,86000000,None,49000000,292000000,69000000,66000000,-270000000,178000000,358000000,407000000,223000000
1970-01-01 00:00:00.000000014,2018-06-30,USD,241000000,681000000,440000000,-29000000,-127000000,319000000,None,368000000,85000000,548000000,606000000,58000000,138000000,85000000,None,49000000,253000000,56000000,58000000,-600000000,148000000,311000000,360000000,197000000
1970-01-01 00:00:00.000000015,2018-03-31,USD,355000000,720000000,365000000,-20000000,-5000000,317000000,None,360000000,86000000,541000000,588000000,47000000,138000000,86000000,None,43000000,308000000,70000000,47000000,-476000000,110000000,355000000,398000000,238000000
1970-01-01 00:00:00.000000016,2017-12-31,USD,271000000,677000000,406000000,25000000,271000000,361000000,None,409000000,80000000,526000000,562000000,36000000,140000000,-206000000,None,48000000,261000000,137000000,36000000,-157000000,124000000,297000000,345000000,124000000
1970-01-01 00:00:00.000000017,2017-09-30,USD,242000000,656000000,414000000,-15000000,-113000000,308000000,None,355000000,84000000,522000000,557000000,35000000,140000000,84000000,None,47000000,243000000,83000000,35000000,-601000000,152000000,278000000,325000000,160000000
1970-01-01 00:00:00.000000018,2017-06-30,USD,238000000,653000000,415000000,-14000000,-102000000,293000000,None,340000000,84000000,528000000,558000000,30000000,132000000,84000000,None,47000000,248000000,80000000,30000000,-577000000,230000000,278000000,325000000,168000000
1970-01-01 00:00:00.000000019,2017-03-31,USD,166000000,598000000,432000000,49000000,-185000000,314000000,None,351000000,78000000,489000000,515000000,26000000,132000000,78000000,None,37000000,184000000,45000000,26000000,-632000000,150000000,210000000,247000000,139000000
