date,fiscalDateEnding,reportedCurrency,totalAssets,totalCurrentAssets,cashAndCashEquivalentsAtCarryingValue,cashAndShortTermInvestments,inventory,currentNetReceivables,totalNonCurrentAssets,propertyPlantEquipment,accumulatedDepreciationAmortizationPPE,intangibleAssets,intangibleAssetsExcludingGoodwill,goodwill,investments,longTermInvestments,shortTermInvestments,otherCurrentAssets,otherNonCurrrentAssets,totalLiabilities,totalCurrentLiabilities,currentAccountsPayable,deferredRevenue,currentDebt,shortTermDebt,totalNonCurrentLiabilities,capitalLeaseObligations,longTermDebt,currentLongTermDebt,longTermDebtNoncurrent,shortLongTermDebtTotal,otherCurrentLiabilities,otherNonCurrentLiabilities,totalShareholderEquity,treasuryStock,retainedEarnings,commonStock,commonStockSharesOutstanding
1970-01-01 00:00:00.000000000,2021-12-31,USD,13223000000,4701000000,1840000000,1840000000,696000000,1860000000,8437000000,253000000,1013000000,3498000000,211000000,3287000000,3188000000,53000000,None,211000000,1960000000,8556000000,2829000000,1069000000,144000000,650000000,731000000,984000000,291000000,3596000000,650000000,None,3596000000,871000000,481000000,4436000000,177000000,5631000000,168000000,159394000
1970-01-01 00:00:00.000000001,2021-09-30,USD,14081000000,5236000000,2209000000,2209000000,788000000,1930000000,8744000000,254000000,1025000000,4282000000,216000000,4066000000,3202000000,1936000000,None,209000000,1492000000,8662000000,2784000000,1032000000,135000000,646000000,646000000,1035000000,None,3673000000,646000000,None,3673000000,1106000000,491000000,5188000000,87000000,6348000000,182000000,178486000
1970-01-01 00:00:00.000000002,2021-06-30,USD,14110000000,5175000000,2124000000,2124000000,815000000,1903000000,8843000000,271000000,1050000000,4334000000,230000000,4104000000,3250000000,1971000000,None,244000000,1496000000,8601000000,2691000000,935000000,129000000,642000000,642000000,1100000000,None,3597000000,642000000,None,3597000000,1114000000,537000000,5287000000,159000000,6308000000,189000000,182176000
1970-01-01 00:00:00.000000003,2021-03-31,USD,14272000000,5420000000,2379000000,2379000000,841000000,1846000000,8746000000,277000000,1055000000,4298000000,223000000,4075000000,3212000000,1920000000,None,262000000,1454000000,8629000000,2645000000,932000000,126000000,678000000,678000000,1068000000,None,3674000000,678000000,None,3674000000,1035000000,498000000,5425000000,162000000,6267000000,199000000,191947000
1970-01-01 00:00:00.000000004,2020-12-31,USD,14741000000,5783000000,2625000000,2625000000,843000000,1965000000,8871000000,296000000,1080000000,4308000000,237000000,4071000000,3298000000,47000000,None,251000000,1455000000,8931000000,2478000000,983000000,130000000,394000000,479000000,1109000000,342000000,4050000000,394000000,None,4050000000,840000000,497000000,5592000000,0,6281000000,198000000,198386000
1970-01-01 00:00:00.000000005,2020-09-30,USD,15352000000,6541000000,3242000000,3242000000,978000000,1961000000,8432000000,735000000,None,4236000000,240000000,3996000000,3218000000,1899000000,None,249000000,1390000000,9686000000,3327000000,1018000000,130000000,1218000000,1218000000,4948000000,None,3836000000,1218000000,None,5054000000,1091000000,512000000,5448000000,150000000,6258000000,214000000,205957000
1970-01-01 00:00:00.000000006,2020-06-30,USD,14125000000,5391000000,2272000000,2272000000,922000000,1835000000,8343000000,745000000,None,4189000000,250000000,3939000000,3213000000,1908000000,None,246000000,1344000000,8430000000,3791000000,916000000,127000000,1793000000,1793000000,3313000000,None,2185000000,1793000000,None,3978000000,2000000,521000000,5477000000,0,6223000000,213000000,213014000
1970-01-01 00:00:00.000000007,2020-03-31,USD,14784000000,5977000000,2622000000,2622000000,824000000,2164000000,8376000000,745000000,None,4204000000,263000000,3941000000,3287000000,None,None,259000000,1309000000,9170000000,3373000000,1122000000,133000000,1050000000,964000000,4108000000,None,3238000000,86000000,None,4288000000,12000000,530000000,5393000000,0,6252000000,213000000,212831000
1970-01-01 00:00:00.000000008,2019-12-31,USD,15047000000,6140000000,2740000000,2740000000,694000000,2394000000,8489000000,364000000,1079000000,4099000000,199000000,3900000000,3486000000,46000000,None,201000000,1338000000,9239000000,3435000000,1053000000,137000000,1049000000,5360000000,4119000000,354000000,3233000000,1049000000,None,8593000000,984000000,512000000,5587000000,76000000,6312000000,215000000,212590000
1970-01-01 00:00:00.000000009,2019-09-30,USD,14660000000,4340000000,922000000,922000000,758000000,2333000000,9562000000,442000000,None,4056000000,203000000,3853000000,4898000000,1517000000,None,221000000,1206000000,9560000000,3923000000,1070000000,138000000,1602000000,1514000000,4038000000,None,3230000000,88000000,None,4832000000,6000000,473000000,4855000000,68000000,5552000000,221000000,218963000
