date,fiscalDateEnding,reportedCurrency,totalAssets,totalCurrentAssets,cashAndCashEquivalentsAtCarryingValue,cashAndShortTermInvestments,inventory,currentNetReceivables,totalNonCurrentAssets,propertyPlantEquipment,accumulatedDepreciationAmortizationPPE,intangibleAssets,intangibleAssetsExcludingGoodwill,goodwill,investments,longTermInvestments,shortTermInvestments,otherCurrentAssets,otherNonCurrrentAssets,totalLiabilities,totalCurrentLiabilities,currentAccountsPayable,deferredRevenue,currentDebt,shortTermDebt,totalNonCurrentLiabilities,capitalLeaseObligations,longTermDebt,currentLongTermDebt,longTermDebtNoncurrent,shortLongTermDebtTotal,otherCurrentLiabilities,otherNonCurrentLiabilities,totalShareholderEquity,treasuryStock,retainedEarnings,commonStock,commonStockSharesOutstanding
1970-01-01 00:00:00.000000000,2021-12-31,USD,13900000000,6930000000,3482000000,3482000000,1923000000,1180000000,6970000000,2422000000,2072000000,4156000000,1474000000,2682000000,None,None,None,389000000,111000000,9356000000,1797000000,436000000,12000000,0,0,7584000000,151000000,8810000000,0,6592000000,8810000000,67000000,239000000,4543000000,2952000000,7186000000,5000000,472574090
1970-01-01 00:00:00.000000001,2021-09-30,USD,13705000000,6682000000,3274000000,3274000000,1875000000,1152000000,7023000000,2338000000,2113000000,4275000000,1572000000,2703000000,None,None,None,381000000,112000000,9024000000,1471000000,387000000,12000000,0,0,7553000000,160000000,8812000000,0,6592000000,8812000000,61000000,251000000,4679000000,2759000000,7044000000,5000000,473374057
1970-01-01 00:00:00.000000002,2021-06-30,USD,14069000000,7048000000,3658000000,3658000000,1802000000,1170000000,7021000000,2286000000,2064000000,4358000000,1640000000,2718000000,None,None,None,418000000,97000000,9717000000,2091000000,369000000,8000000,604000000,4000000,7626000000,147000000,9417000000,600000000,6592000000,9421000000,71000000,245000000,4350000000,2568000000,6492000000,5000000,474210830
1970-01-01 00:00:00.000000003,2021-03-31,USD,13796000000,6794000000,3602000000,3602000000,1700000000,1125000000,7002000000,2227000000,2012000000,4378000000,1671000000,2707000000,None,None,None,367000000,108000000,9704000000,2066000000,346000000,17000000,604000000,4000000,7638000000,159000000,13969000000,600000000,6587000000,13973000000,71000000,235000000,4089000000,2412000000,6099000000,5000000,474973405
1970-01-01 00:00:00.000000004,2020-12-31,USD,13600000000,6611000000,3604000000,3604000000,1628000000,1061000000,6998000000,2202000000,1952000000,4404000000,1710000000,2694000000,None,None,None,366000000,106000000,9836000000,2170000000,457000000,21000000,644000000,4000000,7691000000,163000000,9270000000,600000000,6595000000,9274000000,93000000,270000000,3769000000,2230000000,5659000000,5000000,475317751
1970-01-01 00:00:00.000000005,2020-09-30,USD,13725000000,6757000000,3654000000,3654000000,1626000000,1012000000,6968000000,2099000000,1894000000,4484000000,1794000000,2690000000,None,None,None,465000000,94000000,10118000000,2400000000,357000000,15000000,1101000000,1000000,7718000000,167000000,15068000000,1100000000,6595000000,15069000000,67000000,283000000,3602000000,2234000000,5526000000,5000000,475242731
1970-01-01 00:00:00.000000006,2020-06-30,USD,13069000000,6285000000,3353000000,3353000000,1584000000,984000000,6784000000,2011000000,1818000000,4412000000,1783000000,2629000000,None,None,None,364000000,92000000,10082000000,1811000000,335000000,15000000,501000000,1000000,8271000000,155000000,15070000000,500000000,7194000000,15071000000,65000000,271000000,2982000000,2245000000,5048000000,5000000,474999478
1970-01-01 00:00:00.000000007,2020-03-31,USD,11528000000,4772000000,1951000000,1951000000,1481000000,965000000,6756000000,1977000000,1769000000,4404000000,1821000000,2583000000,None,None,None,375000000,105000000,8775000000,1721000000,265000000,13000000,500000000,0,7054000000,159000000,12549000000,500000000,5963000000,12549000000,50000000,251000000,2753000000,2252000000,4764000000,5000000,474865353
1970-01-01 00:00:00.000000008,2019-12-31,USD,11545000000,4748000000,1934000000,1934000000,1410000000,1123000000,6709000000,1940000000,1737000000,4482000000,1890000000,2592000000,101000000,26000000,0,318000000,98000000,8837000000,1806000000,301000000,22000000,500000000,0,6620000000,164000000,9001000000,500000000,5947000000,9001000000,55000000,229000000,2708000000,2042000000,4427000000,5000000,475528210
1970-01-01 00:00:00.000000009,2019-09-30,USD,11272000000,4618000000,1815000000,1827000000,1439000000,1030000000,6582000000,1813000000,1725000000,4485000000,1935000000,2550000000,12000000,None,12000000,322000000,91000000,8594000000,1052000000,284000000,17000000,34000000,0,7520000000,169000000,13053000000,34000000,6447000000,13053000000,48000000,198000000,2678000000,1876000000,4217000000,5000000,476745789
1970-01-01 00:00:00.000000010,2019-06-30,USD,10986000000,4484000000,1755000000,1780000000,1404000000,994000000,6442000000,1739000000,1685000000,4421000000,1916000000,2505000000,25000000,None,25000000,306000000,87000000,8575000000,1075000000,290000000,15000000,36000000,0,7497000000,169000000,13054000000,36000000,6446000000,13054000000,55000000,188000000,2411000000,1732000000,3788000000,5000000,477821280
1970-01-01 00:00:00.000000011,2019-03-31,USD,10883000000,4379000000,1728000000,1793000000,1361000000,970000000,6281000000,1683000000,1642000000,4511000000,1989000000,2522000000,65000000,None,65000000,255000000,87000000,8566000000,1082000000,235000000,12000000,0,0,7798000000,134000000,13056000000,33000000,6444000000,13056000000,55000000,181000000,2317000000,1593000000,3495000000,5000000,479026001
1970-01-01 00:00:00.000000012,2018-12-31,USD,10777000000,4399000000,1602000000,1701000000,1391000000,1077000000,6317000000,1658000000,1599000000,4565000000,2046000000,2519000000,101000000,2000000,99000000,271000000,94000000,8592000000,1223000000,313000000,None,9000000,9000000,7391000000,None,7657000000,0,6443000000,7666000000,34000000,187000000,2185000000,1487000000,3270000000,5000000,479562326
1970-01-01 00:00:00.000000013,2018-09-30,USD,10459000000,4076000000,1286000000,1391000000,1441000000,929000000,6310000000,1556000000,1559000000,4657000000,2120000000,2537000000,118000000,14000000,105000000,315000000,97000000,8341000000,1003000000,238000000,11000000,None,0,7763000000,None,13059000000,None,6441000000,13059000000,39000000,201000000,2118000000,1345000000,3067000000,5000000,480980372
1970-01-01 00:00:00.000000014,2018-06-30,USD,8603000000,4239000000,1558000000,1558000000,1420000000,973000000,4284000000,1470000000,1522000000,2739000000,1225000000,1514000000,None,None,None,288000000,75000000,6621000000,967000000,230000000,11000000,None,0,6088000000,None,10045000000,4955000000,4955000000,10045000000,29000000,204000000,1970000000,1215000000,2722000000,5000000,482290154
1970-01-01 00:00:00.000000015,2018-03-31,USD,8690000000,4267000000,1654000000,1654000000,1441000000,943000000,4343000000,1453000000,1519000000,2812000000,1280000000,1532000000,None,None,None,229000000,78000000,6715000000,1000000000,217000000,None,None,0,6134000000,None,10046000000,4954000000,4954000000,10046000000,29000000,211000000,1960000000,1005000000,2399000000,5000000,484724245
1970-01-01 00:00:00.000000016,2017-12-31,USD,8586000000,4217000000,1564000000,1564000000,1427000000,1060000000,4289000000,1435000000,1471000000,2779000000,1269000000,1510000000,None,None,0,228000000,75000000,6800000000,1094000000,261000000,None,None,0,5725000000,None,10047000000,0,4953000000,10047000000,44000000,201000000,1770000000,852000000,2109000000,5000000,486130461
1970-01-01 00:00:00.000000017,2017-09-30,USD,9288000000,4894000000,1981000000,1981000000,1490000000,None,4394000000,1388000000,1447000000,2848000000,1318000000,1530000000,None,None,None,357000000,64000000,7269000000,1746000000,213000000,None,None,750000000,5553000000,None,4952000000,750000000,4952000000,5702000000,34000000,213000000,1989000000,733000000,2140000000,5000000,487832003
1970-01-01 00:00:00.000000018,2017-06-30,USD,7802000000,3584000000,705000000,705000000,1498000000,None,4218000000,1355000000,1397000000,2705000000,1210000000,1495000000,None,None,None,353000000,65000000,6056000000,1784000000,199000000,None,None,100000000,4303000000,None,3719000000,750000000,3719000000,4569000000,28000000,209000000,1715000000,615000000,1843000000,5000000,489659511
1970-01-01 00:00:00.000000019,2017-03-31,USD,7649000000,3383000000,629000000,629000000,1535000000,None,4266000000,1368000000,1435000000,2729000000,1232000000,1497000000,None,None,None,265000000,72000000,6014000000,1730000000,231000000,None,None,750000000,4310000000,None,3718000000,750000000,3718000000,4468000000,31000000,215000000,1609000000,510000000,1651000000,5000000,491328479
