date,1. open,2. high,3. low,4. close,5. volume
2022-02-22,32.54,32.92,30.66,31.33,1299915.0
2022-02-18,30.63,32.585,30.4,32.28,1302669.0
2022-02-17,33.15,33.39,32.34,32.47,528539.0
2022-02-16,33.03,33.44,32.54,33.4,1045186.0
2022-02-15,32.34,33.33,32.32,33.04,483818.0
2022-02-14,31.86,32.38,31.41,32.14,1046556.0
2022-02-11,32.16,32.68,31.0,31.36,707568.0
2022-02-10,31.77,33.05,31.61,32.37,761443.0
2022-02-09,31.78,32.775,31.51,32.32,495213.0
2022-02-08,30.62,31.55,30.62,31.39,573039.0
2022-02-07,30.67,31.29,30.24,30.33,557145.0
2022-02-04,30.23,30.93,30.03,30.68,345797.0
2022-02-03,30.64,31.56,30.49,30.53,622869.0
2022-02-02,31.41,31.6516,30.46,31.05,525040.0
2022-02-01,31.54,31.8,30.62,31.57,574640.0
2022-01-31,30.53,31.16,30.4,30.93,575467.0
2022-01-28,29.6,30.82,29.17,30.79,909540.0
2022-01-27,31.44,31.83,29.56,29.73,1025746.0
2022-01-26,32.0,32.66,31.0,31.43,505217.0
2022-01-25,30.3,32.11,29.72,31.64,823479.0
2022-01-24,30.0,31.37,29.38,31.17,1019269.0
2022-01-21,31.63,32.41,31.01,31.57,915028.0
2022-01-20,32.61,33.51,31.9,32.01,748340.0
2022-01-19,33.59,33.84,32.4,32.69,407941.0
2022-01-18,34.68,34.87,33.38,33.48,493339.0
2022-01-14,34.6,34.94,34.3,34.93,853977.0
2022-01-13,34.26,34.87,34.0,34.86,765479.0
2022-01-12,34.11,34.75,33.65,34.08,798335.0
2022-01-11,33.69,34.04,33.06,33.71,350125.0
2022-01-10,34.37,34.37,33.37,33.82,418156.0
2022-01-07,34.68,35.62,34.54,34.74,362403.0
2022-01-06,34.97,35.25,34.39,34.6,392240.0
2022-01-05,34.52,35.74,34.015,34.65,638803.0
2022-01-04,34.42,34.73,33.84,34.28,610007.0
2022-01-03,33.36,34.445,33.36,33.96,932354.0
2021-12-31,32.65,33.16,32.54,33.01,385094.0
2021-12-30,33.34,33.87,32.84,32.89,327407.0
2021-12-29,34.2,34.345,33.24,33.56,354509.0
2021-12-28,34.08,34.45,33.76,34.18,287461.0
2021-12-27,33.67,34.3,33.205,34.23,444836.0
2021-12-23,33.73,34.25,33.55,33.84,1520220.0
2021-12-22,32.91,33.77,32.7001,33.58,745230.0
2021-12-21,32.03,33.13,31.995,32.69,3100873.0
2021-12-20,31.73,32.26,30.7,31.53,951715.0
2021-12-17,31.33,32.97,31.33,32.49,4410267.0
2021-12-16,31.69,32.12,30.98,31.43,1092313.0
2021-12-15,30.28,31.45,29.85,31.27,917197.0
2021-12-14,30.8,31.65,30.41,30.74,834258.0
2021-12-13,30.87,31.255,29.83,30.58,769152.0
2021-12-10,31.62,32.0,30.831,31.26,980252.0
2021-12-09,29.06,30.318,28.66,29.84,1020239.0
2021-12-08,29.11,29.99,29.1,29.68,746881.0
2021-12-07,29.88,30.21,28.78,28.91,640153.0
2021-12-06,28.76,29.86,28.18,29.26,765055.0
2021-12-03,28.44,28.85,27.651,28.04,781659.0
2021-12-02,27.21,28.69,27.01,28.42,780208.0
2021-12-01,27.82,28.19,26.77,26.78,832661.0
2021-11-30,27.85,28.02,26.13,26.72,1277601.0
2021-11-29,28.58,29.04,27.38,28.29,1040688.0
2021-11-26,28.93,29.17,26.94,27.97,883942.0
2021-11-24,30.5,31.03,30.32,30.67,382190.0
2021-11-23,31.0,31.4,30.53,30.89,498913.0
2021-11-22,30.0,31.5,29.77,30.86,568212.0
2021-11-19,30.92,31.18,29.92,29.98,547222.0
2021-11-18,31.19,31.73,30.61,31.53,629862.0
2021-11-17,31.97,33.25,31.42,31.57,1050652.0
2021-11-16,31.06,31.83,30.751,31.26,518219.0
2021-11-15,32.29,32.44,30.85,31.47,713501.0
2021-11-12,31.44,32.32,31.35,32.09,501638.0
2021-11-11,31.03,31.55,30.844,31.44,335203.0
2021-11-10,31.65,31.87,30.46,30.6,613832.0
2021-11-09,31.81,32.31,31.59,32.0,426590.0
2021-11-08,32.66,32.83,31.89,32.1,388162.0
2021-11-05,31.21,32.49,31.21,32.04,657171.0
2021-11-04,31.2,31.28,30.55,30.78,604456.0
2021-11-03,31.57,32.305,30.65,31.33,1003973.0
2021-11-02,28.62,32.08,28.1,31.73,1201445.0
2021-11-01,29.61,30.88,29.4623,30.54,687565.0
2021-10-29,30.35,30.5,29.225,29.42,462241.0
2021-10-28,29.39,30.5,29.095,30.5,703737.0
2021-10-27,28.8,29.81,28.64,29.01,1078727.0
2021-10-26,29.51,29.94,28.99,29.11,1320971.0
2021-10-25,30.13,30.44,29.475,29.54,902662.0
2021-10-22,30.17,30.86,29.63,29.89,464588.0
2021-10-21,29.94,30.03,29.1,29.98,618468.0
2021-10-20,29.92,31.35,29.53,30.55,645387.0
2021-10-19,31.08,31.1,29.91,30.19,564030.0
2021-10-18,31.41,31.675,30.78,31.57,628801.0
2021-10-15,32.16,32.67,31.68,31.73,640039.0
2021-10-14,31.8,32.06,31.11,31.39,498923.0
2021-10-13,30.97,31.32,30.27,31.24,450241.0
2021-10-12,31.18,31.47,30.72,30.9,860342.0
2021-10-11,31.62,32.64,31.23,31.23,389900.0
2021-10-08,31.96,31.97,31.06,31.16,268250.0
2021-10-07,31.25,32.315,31.19,31.86,386111.0
2021-10-06,31.16,31.27,30.11,30.76,417548.0
2021-10-05,31.99,32.1,30.98,31.86,753174.0
2021-10-04,32.76,33.04,31.61,31.66,415850.0
2021-10-01,31.89,32.86,31.76,32.55,712227.0
2021-09-30,32.88,33.25,31.51,31.54,512656.0
2021-09-29,32.89,32.89,31.35,32.59,591678.0
2021-09-28,32.43,32.89,31.63,32.43,412531.0
2021-09-27,31.36,32.8,31.18,32.43,453763.0
2021-09-24,31.7,32.09,31.1,31.13,485586.0
2021-09-23,31.86,32.44,31.76,32.03,419507.0
2021-09-22,31.81,32.35,31.68,31.74,496411.0
2021-09-21,32.03,32.1,30.29,30.99,734333.0
2021-09-20,30.9,32.11,30.7,31.92,865740.0
2021-09-17,32.98,33.04,32.21,32.21,3295229.0
2021-09-16,34.62,34.88,32.87,32.97,685438.0
2021-09-15,33.59,35.15,33.53,34.85,666422.0
2021-09-14,35.0,35.0,33.51,33.56,835978.0
2021-09-13,35.02,35.3899,34.44,34.9,716740.0
2021-09-10,34.86,35.61,34.48,34.5,659434.0
2021-09-09,34.75,35.61,34.75,34.78,583714.0
2021-09-08,35.19,35.47,34.49,34.64,552878.0
2021-09-07,34.21,36.475,34.21,35.39,871034.0
2021-09-03,34.61,35.14,34.235,34.28,732772.0
2021-09-02,35.43,35.75,34.63,34.63,573209.0
2021-09-01,34.35,35.57,33.67,35.09,605907.0
2021-08-31,35.75,36.0,34.3,34.49,993584.0
2021-08-30,36.38,36.49,35.64,35.97,353128.0
2021-08-27,34.51,36.55,34.51,35.98,699420.0
2021-08-26,34.75,35.39,34.31,34.32,576259.0
2021-08-25,35.22,35.57,34.91,34.95,361401.0
2021-08-24,34.82,35.48,34.82,35.19,503579.0
2021-08-23,35.3,35.35,34.3,34.46,631380.0
2021-08-20,34.49,35.22,34.0,34.65,622276.0
2021-08-19,33.88,34.78,33.74,34.31,591476.0
2021-08-18,34.59,35.35,34.44,34.89,478810.0
2021-08-17,33.91,35.13,33.73,35.11,654334.0
2021-08-16,34.82,35.13,34.1,34.49,528814.0
2021-08-13,35.2,36.01,35.0,35.53,516584.0
2021-08-12,36.47,36.555,35.0,35.22,523449.0
2021-08-11,36.12,36.77,35.31,36.6,705012.0
2021-08-10,35.0,36.45,34.3,36.1,900072.0
2021-08-09,33.46,34.61,33.09,34.31,535240.0
2021-08-06,33.3,34.17,33.17,33.93,755367.0
2021-08-05,31.77,33.29,31.53,32.99,773943.0
2021-08-04,33.71,34.425,31.74,31.75,695314.0
2021-08-03,33.71,35.05,32.71,34.59,874769.0
2021-08-02,36.13,37.02,35.01,35.42,725386.0
2021-07-30,36.58,37.625,35.71,35.94,615786.0
2021-07-29,35.61,37.23,35.57,36.92,574982.0
2021-07-28,34.62,35.48,34.0301,34.92,477325.0
2021-07-27,33.76,34.54,33.39,33.87,345378.0
2021-07-26,33.71,34.43,33.33,34.34,308108.0
2021-07-23,33.24,33.45,32.53,33.34,284135.0
2021-07-22,33.44,33.59,32.18,32.73,497533.0
2021-07-21,33.16,34.03,33.04,33.84,354257.0
2021-07-20,31.63,33.08,31.25,32.52,1200536.0
2021-07-19,31.78,32.1,30.7,31.49,1083263.0
2021-07-16,33.79,33.88,32.7,32.99,515160.0
2021-07-15,33.58,34.475,33.11,33.27,826282.0
2021-07-14,34.6,35.09,33.64,33.85,790246.0
2021-07-13,35.51,35.94,34.01,34.28,866846.0
2021-07-12,35.21,36.45,35.15,35.95,464632.0
2021-07-09,35.09,36.61,35.0,35.94,459735.0
2021-07-08,33.92,35.09,33.6356,34.26,536257.0
2021-07-07,34.63,35.51,34.28,34.98,587525.0
2021-07-06,35.87,35.87,34.04,34.73,798082.0
2021-07-02,35.83,36.05,35.1701,35.7,433548.0
2021-07-01,36.11,36.16,35.36,35.6,389691.0
2021-06-30,35.56,36.5,35.56,35.62,518469.0
2021-06-29,36.17,37.52,35.92,35.96,549343.0
2021-06-28,36.18,36.63,35.6,35.75,639482.0
2021-06-25,36.97,37.05,36.0001,36.26,2158119.0
2021-06-24,35.72,36.93,35.4534,36.72,665441.0
2021-06-23,35.78,36.2375,35.26,35.42,1118061.0
2021-06-22,35.22,35.49,34.53,35.25,1231311.0
2021-06-21,34.71,35.95,34.71,35.39,1424209.0
2021-06-18,35.31,35.65,33.82,34.31,2427744.0
2021-06-17,36.69,36.95,34.81,35.91,1739873.0
2021-06-16,37.42,37.75,37.01,37.02,1221638.0
2021-06-15,36.82,37.85,36.75,37.8,776117.0
2021-06-14,37.54,37.89,36.97,37.13,826776.0
2021-06-11,37.68,38.49,37.06,38.0,574284.0
2021-06-10,37.64,37.99,36.43,37.03,823686.0
2021-06-09,37.71,38.085,37.2329,37.39,548075.0
2021-06-08,37.43,38.35,36.81,37.72,963784.0
2021-06-07,37.49,37.88,36.87,37.4,1152715.0
2021-06-04,37.47,37.68,36.84,37.34,891276.0
2021-06-03,36.63,37.6,35.64,37.09,644440.0
2021-06-02,37.5,37.68,36.345,37.23,698935.0
2021-06-01,36.52,38.08,36.25,37.68,1304823.0
2021-05-28,35.87,36.4,34.94,36.17,600019.0
2021-05-27,35.96,36.8,35.82,35.86,1669390.0
2021-05-26,35.02,35.75,34.71,35.34,935471.0
2021-05-25,35.21,35.59,34.44,34.93,618514.0
2021-05-24,35.28,35.63,34.64,35.28,681103.0
2021-05-21,35.08,35.85,34.85,34.85,976155.0
2021-05-20,34.6,35.25,34.17,35.02,683573.0
2021-05-19,34.72,35.03,34.09,34.6,630429.0
2021-05-18,36.23,36.49,35.44,35.56,494741.0
2021-05-17,35.64,36.51,35.36,36.11,599492.0
2021-05-14,35.68,36.0,35.24,35.96,474557.0
2021-05-13,35.17,36.15,35.02,35.62,591864.0
2021-05-12,36.08,36.45,34.92,35.24,1174841.0
2021-05-11,34.44,36.74,34.02,36.44,1076185.0
2021-05-10,36.69,36.9799,35.34,35.4,702084.0
2021-05-07,35.89,36.35,35.52,35.87,650780.0
2021-05-06,36.23,36.74,35.6,36.2,1191045.0
2021-05-05,35.18,36.18,34.55,36.16,1474600.0
2021-05-04,30.0,35.0,29.97,35.0,2979709.0
2021-05-03,29.1,29.93,28.681,29.36,1872885.0
2021-04-30,28.97,29.715,28.52,28.6,1037678.0
2021-04-29,30.1,30.1,28.8,29.49,881503.0
2021-04-28,29.0,30.02,28.76,29.92,605104.0
2021-04-27,27.58,29.08,27.41,29.06,601860.0
2021-04-26,28.06,28.8,27.66,27.68,543459.0
2021-04-23,27.82,28.18,27.1,27.85,1430409.0
2021-04-22,26.16,27.6,26.0,27.44,874118.0
2021-04-21,24.63,26.58,24.16,26.46,843135.0
2021-04-20,26.02,26.14,24.87,25.01,670688.0
2021-04-19,27.43,27.6,25.83,26.02,1172907.0
2021-04-16,27.84,27.9,27.388,27.7,408380.0
2021-04-15,27.83,27.96,27.12,27.45,324569.0
2021-04-14,26.65,28.13,26.61,27.6,542878.0
2021-04-13,26.48,26.58,25.59,26.35,497984.0
2021-04-12,25.86,26.67,25.5,26.45,1385271.0
2021-04-09,26.3,26.3,25.5659,25.93,498823.0
2021-04-08,26.18,26.3,25.375,26.26,499181.0
2021-04-07,26.27,26.5161,25.97,26.08,440651.0
2021-04-06,26.67,27.04,26.19,26.34,582250.0
2021-04-05,26.38,27.15,25.93,26.76,717642.0
2021-04-01,25.58,26.33,25.38,26.06,791623.0
2021-03-31,25.89,26.38,25.15,25.39,934835.0
2021-03-30,25.27,26.0,25.22,25.66,683571.0
2021-03-29,25.72,26.13,25.28,25.3,782386.0
2021-03-26,25.98,26.54,25.055,25.79,874239.0
2021-03-25,24.5,25.75,23.855,25.42,1413635.0
2021-03-24,25.63,25.995,24.73,24.81,818783.0
2021-03-23,26.31,26.66,24.85,25.08,830149.0
2021-03-22,27.22,27.64,26.68,26.87,727262.0
2021-03-19,27.96,28.13,27.15,27.22,2706031.0
2021-03-18,29.16,29.95,27.38,27.57,1314823.0
2021-03-17,28.2,29.2499,27.958,29.16,746356.0
2021-03-16,28.99,29.659,28.2906,28.39,841528.0
2021-03-15,29.6,30.3662,28.76,29.07,1360343.0
2021-03-12,30.99,31.85,29.83,29.95,1454418.0
2021-03-11,29.94,31.14,29.85,31.05,2526710.0
2021-03-10,28.35,29.88,28.29,29.7,1565358.0
2021-03-09,27.0,28.57,26.66,28.23,1889502.0
2021-03-08,25.39,26.87,25.05,26.82,1271969.0
2021-03-05,24.51,25.38,23.86,25.27,1131467.0
2021-03-04,24.59,25.67,23.31,24.06,1582825.0
2021-03-03,24.88,25.85,24.31,25.09,1136452.0
2021-03-02,24.48,25.71,24.48,24.82,1339663.0
2021-03-01,22.26,24.0,22.26,23.99,1088457.0
2021-02-26,22.87,23.25,21.8,21.92,1883130.0
2021-02-25,23.05,23.16,22.3,22.85,2045829.0
2021-02-24,23.03,23.34,22.275,23.05,2693333.0
2021-02-23,24.5,25.0,22.22,22.83,1985646.0
2021-02-22,25.65,26.17,25.35,25.73,1276324.0
2021-02-19,25.22,26.15,25.22,25.74,754333.0
2021-02-18,25.77,25.98,24.9,25.03,836109.0
2021-02-17,25.51,26.48,25.39,25.98,766451.0
2021-02-16,26.42,26.658,25.29,25.58,914546.0
2021-02-12,25.33,26.03,25.14,25.9,569586.0
2021-02-11,25.53,26.305,25.41,25.5,1329029.0
2021-02-10,26.52,27.31,25.45,25.49,910011.0
2021-02-09,26.48,26.8,25.7,26.47,666564.0
2021-02-08,26.45,27.0941,25.95,26.62,695869.0
2021-02-05,26.92,27.11,25.71,26.16,997576.0
2021-02-04,26.75,27.425,26.46,26.6,1054449.0
2021-02-03,26.43,27.1503,26.0566,26.72,488331.0
2021-02-02,26.69,27.22,26.4,26.67,536748.0
2021-02-01,25.42,26.31,24.6701,26.16,557299.0
2021-01-29,25.59,25.84,24.43,25.2,852278.0
2021-01-28,25.31,26.09,25.0,25.74,690970.0
2021-01-27,25.68,25.68,24.11,24.68,983709.0
2021-01-26,27.91,28.0,26.27,26.44,586888.0
2021-01-25,27.89,28.1923,26.04,27.5,649611.0
2021-01-22,28.29,28.8,27.96,28.13,600513.0
2021-01-21,29.45,29.7,28.58,28.82,731125.0
2021-01-20,30.07,30.54,29.43,29.82,479916.0
2021-01-19,30.55,31.1899,29.37,30.01,1322341.0
2021-01-15,29.45,30.32,29.01,30.29,795533.0
2021-01-14,30.0,30.94,29.85,30.33,738995.0
2021-01-13,30.03,30.345,29.44,29.61,418058.0
2021-01-12,29.41,30.17,29.07,29.8,1143562.0
2021-01-11,28.83,29.52,28.75,29.24,387054.0
2021-01-08,29.46,30.41,28.8,29.57,755660.0
2021-01-07,30.35,31.59,29.06,29.38,938955.0
2021-01-06,29.64,30.79,29.51,30.11,1104294.0
2021-01-05,27.72,29.07,27.72,28.95,621163.0
2021-01-04,30.33,30.64,27.8,27.87,726812.0
2020-12-31,29.54,30.29,29.02,29.8,1983794.0
2020-12-30,28.94,30.37,28.94,29.55,1711943.0
2020-12-29,28.4,29.95,28.0381,28.86,1475615.0
2020-12-28,29.3,29.81,28.72,29.21,1186590.0
2020-12-24,28.66,29.38,28.335,29.16,700247.0
2020-12-23,28.67,29.1,28.37,28.67,724289.0
2020-12-22,28.82,28.82,28.07,28.46,892509.0
2020-12-21,28.15,28.86,28.02,28.82,993520.0
2020-12-18,29.66,29.79,28.64,28.79,2155522.0
2020-12-17,30.2,30.56,29.14,29.42,1276490.0
2020-12-16,30.74,30.7924,29.43,29.89,1099254.0
2020-12-15,30.79,30.91,30.08,30.53,961258.0
2020-12-14,30.8,30.8,29.89,30.23,753212.0
2020-12-11,30.25,31.23,30.0,30.29,629378.0
2020-12-10,30.31,31.05,29.7,30.8,505873.0
2020-12-09,31.0,31.59,29.99,30.58,989420.0
2020-12-08,28.52,30.73,28.36,30.57,808087.0
2020-12-07,30.85,30.87,28.3101,28.81,992940.0
2020-12-04,29.48,31.13,29.16,30.9,1125830.0
2020-12-03,29.21,29.56,28.82,29.1,420712.0
2020-12-02,29.7,29.7,28.57,29.13,576357.0
2020-12-01,28.19,29.98,27.86,29.71,1784876.0
2020-11-30,28.36,28.57,27.3,27.51,551927.0
2020-11-27,29.09,29.3,28.3219,28.75,261765.0
2020-11-25,28.51,29.5,27.9603,29.25,462240.0
2020-11-24,28.76,29.0,28.42,28.82,588485.0
2020-11-23,28.45,28.89,28.1,28.38,878243.0
2020-11-20,28.5,28.58,27.61,28.07,474026.0
2020-11-19,28.18,29.1532,28.0425,28.56,469508.0
2020-11-18,29.54,29.54,28.41,28.41,729259.0
2020-11-17,28.84,29.61,28.46,29.34,843607.0
2020-11-16,29.12,29.945,28.72,29.29,1112856.0
2020-11-13,27.69,28.51,27.48,28.36,837133.0
2020-11-12,27.56,27.81,26.93,27.2,734716.0
2020-11-11,28.21,28.45,26.76,27.93,1101207.0
2020-11-10,26.64,28.3,26.23,28.19,1433530.0
2020-11-09,27.46,29.0,26.1,26.22,1234428.0
2020-11-06,25.26,26.15,24.495,25.35,649989.0
2020-11-05,23.66,25.98,23.66,25.36,936863.0
2020-11-04,23.43,23.74,21.22,23.54,826095.0
2020-11-03,23.09,24.36,22.61,24.05,633499.0
2020-11-02,22.08,22.62,21.72,22.56,399566.0
2020-10-30,21.74,22.5197,21.14,21.74,542595.0
2020-10-29,20.96,22.05,20.88,21.91,472516.0
2020-10-28,22.36,22.36,21.15,21.19,613922.0
2020-10-27,23.34,23.49,22.89,23.07,380566.0
2020-10-26,23.5,23.97,23.15,23.44,462758.0
2020-10-23,24.04,24.72,23.56,23.89,577124.0
2020-10-22,23.44,23.93,22.78,23.75,1057504.0
2020-10-21,23.76,24.05,23.3,23.31,373821.0
2020-10-20,23.5,24.65,23.345,23.76,771058.0
2020-10-19,23.23,23.86,23.18,23.29,641529.0
2020-10-16,23.08,23.56,22.85,23.17,537444.0
2020-10-15,21.9,23.34,21.72,23.15,458454.0
2020-10-14,22.0,22.565,21.97,22.48,444958.0
2020-10-13,22.06,22.34,21.71,21.92,629404.0
2020-10-12,22.7,22.8999,22.03,22.27,627290.0
2020-10-09,22.25,22.73,21.9,22.67,691383.0
2020-10-08,21.56,22.075,21.23,21.94,601719.0
2020-10-07,20.66,21.75,20.66,21.39,936420.0
2020-10-06,20.98,21.47,20.35,20.37,756344.0
2020-10-05,19.73,20.84,19.59,20.68,622936.0
2020-10-02,18.34,19.8,18.15,19.52,579349.0
2020-10-01,19.18,19.81,18.57,18.83,677952.0
2020-09-30,19.6,20.25,18.69,19.05,942355.0
2020-09-29,19.9,20.14,19.17,19.64,451411.0
2020-09-28,18.77,20.21,18.5894,20.06,830263.0
2020-09-25,18.49,18.81,18.22,18.3,647126.0
2020-09-24,18.87,19.19,18.31,18.78,1092676.0
2020-09-23,18.95,20.31,18.74,18.89,857213.0
2020-09-22,19.29,19.56,18.44,18.63,585561.0
2020-09-21,20.28,20.3785,19.11,19.17,930157.0
2020-09-18,21.57,22.35,20.7,21.02,2746315.0
2020-09-17,20.85,21.3,20.42,21.18,539870.0
2020-09-16,20.54,21.8,20.21,21.29,904774.0
2020-09-15,20.49,20.74,20.04,20.51,418874.0
2020-09-14,20.22,20.66,19.6,20.34,738423.0
2020-09-11,19.83,19.83,18.93,19.06,694534.0
2020-09-10,21.15,21.15,19.515,19.65,852130.0
2020-09-09,22.3,22.3,20.67,21.15,843607.0
2020-09-08,21.0,22.35,20.85,21.4,723653.0
2020-09-04,22.21,22.23,21.045,21.46,612148.0
2020-09-03,22.47,22.98,21.45,21.86,574254.0
2020-09-02,22.72,22.72,22.05,22.55,595643.0
2020-09-01,22.2,22.88,22.1,22.72,532808.0
2020-08-31,22.85,23.05,22.2,22.25,1041427.0
2020-08-28,22.85,23.21,22.68,22.97,399351.0
2020-08-27,22.48,22.97,22.01,22.84,644108.0
2020-08-26,23.05,23.59,22.35,22.39,494847.0
2020-08-25,22.82,23.19,22.35,23.05,720695.0
2020-08-24,22.49,22.91,22.32,22.7,511331.0
2020-08-21,22.58,23.22,21.9,22.29,463305.0
2020-08-20,22.57,23.34,22.43,22.94,606986.0
2020-08-19,23.12,23.7,22.87,23.0,729229.0
2020-08-18,22.85,23.29,22.6,23.08,948545.0
2020-08-17,22.29,23.1,22.2,22.64,1366911.0
2020-08-14,21.92,22.515,21.73,22.1,632310.0
2020-08-13,22.51,22.66,21.74,22.13,1054092.0
2020-08-12,22.4,22.9,22.14,22.76,1235435.0
2020-08-11,21.78,23.15,21.425,22.11,1672191.0
2020-08-10,20.05,23.1699,20.03,21.13,2221960.0
2020-08-07,20.08,20.1,18.91,19.95,653537.0
2020-08-06,19.4,20.58,19.07,20.34,1561724.0
2020-08-05,17.84,19.69,17.76,19.64,1812594.0
2020-08-04,16.65,17.59,15.7101,17.46,1527557.0
2020-08-03,16.38,17.26,16.05,17.26,1004167.0
2020-07-31,16.1,16.3,15.51,16.29,656886.0
2020-07-30,16.0,16.34,15.69,16.28,486718.0
2020-07-29,17.1,17.1,16.22,16.4,874828.0
2020-07-28,16.78,17.1,16.71,16.75,449112.0
2020-07-27,16.42,17.02,16.06,17.01,735147.0
2020-07-24,16.23,16.45,15.91,16.35,481412.0
2020-07-23,17.07,17.2137,16.25,16.37,689448.0
2020-07-22,16.57,17.32,16.45,17.21,695942.0
2020-07-21,16.22,16.99,16.18,16.79,1524008.0
2020-07-20,16.04,16.4,15.81,16.25,958157.0
2020-07-17,16.75,16.88,16.06,16.25,747500.0
2020-07-16,16.32,16.92,16.28,16.73,1267800.0
2020-07-15,16.27,16.5,15.67,16.41,1362200.0
2020-07-14,14.81,15.74,14.53,15.72,1019900.0
2020-07-13,14.75,15.69,14.69,14.94,1379400.0
2020-07-10,14.05,14.56,14.02,14.51,726500.0
2020-07-09,14.51,14.61,13.96,14.07,1202500.0
2020-07-08,14.17,14.65,13.72,14.54,1266400.0
2020-07-07,13.95,14.44,13.7,14.12,1385200.0
2020-07-06,13.45,14.25,13.3,14.19,1489000.0
2020-07-02,13.53,13.76,12.94,13.07,1119900.0
2020-07-01,13.94,14.16,13.19,13.23,1346200.0
2020-06-30,13.83,14.13,13.38,13.93,1138100.0
2020-06-29,14.03,14.3,13.51,13.84,1630700.0
2020-06-26,15.22,15.33,13.56,13.67,11774682.0
2020-06-25,14.92,15.85,14.75,15.46,1318717.0
2020-06-24,15.71,15.87,14.69,15.05,1509361.0
2020-06-23,16.03,16.37,15.753,15.92,1037285.0
2020-06-22,15.44,16.21,15.335,15.77,1364933.0
2020-06-19,15.99,15.99,15.0801,15.4,3840345.0
2020-06-18,15.26,15.78,15.05,15.74,1080203.0
2020-06-17,16.63,16.7499,15.43,15.51,1487711.0
2020-06-16,17.18,17.18,16.27,16.61,1585964.0
2020-06-15,15.47,16.59,15.25,16.26,2020136.0
2020-06-12,16.5,17.1899,15.92,16.48,1394073.0
2020-06-11,15.0,16.57,14.71,15.37,1636970.0
2020-06-10,17.46,17.77,16.555,16.76,1685820.0
2020-06-09,17.5,18.6,17.15,17.8,2174125.0
2020-06-08,19.48,19.69,16.27,18.52,4422685.0
2020-06-05,17.8,18.78,17.6,18.69,2017176.0
2020-06-04,17.25,17.9,16.63,17.32,2688802.0
2020-06-03,16.6,17.31,16.16,17.09,2417314.0
2020-06-02,15.13,16.12,15.09,15.95,2019794.0
2020-06-01,14.41,15.06,14.02,14.93,1260390.0
2020-05-29,13.5,14.625,13.33,14.47,2452104.0
2020-05-28,14.51,14.75,13.53,13.73,2097606.0
2020-05-27,13.44,14.21,13.31,13.95,2576870.0
2020-05-26,14.1,15.7799,12.78,13.05,5365359.0
2020-05-22,11.72,13.05,11.54,12.84,3194529.0
2020-05-21,10.4,11.61,10.25,11.28,2227448.0
2020-05-20,9.94,10.83,9.9,10.5,2615304.0
2020-05-19,9.29,9.59,8.98,9.29,1053683.0
2020-05-18,8.68,9.3,8.6402,9.27,1458712.0
2020-05-15,8.21,8.62,8.0391,8.34,1097748.0
2020-05-14,8.13,8.46,7.79,8.33,2273214.0
2020-05-13,8.49,8.6,8.23,8.3,1212843.0
2020-05-12,8.85,9.035,8.5,8.52,2538129.0
2020-05-11,8.94,9.1,8.65,8.78,909693.0
2020-05-08,8.74,9.12,8.6269,9.12,1590125.0
2020-05-07,8.47,8.825,8.41,8.67,1224634.0
2020-05-06,8.75,8.75,8.3,8.34,1818452.0
2020-05-05,8.94,9.0487,8.512,8.84,1854929.0
2020-05-04,8.2,9.02,8.16,8.88,1989234.0
2020-05-01,8.4,8.69,8.32,8.55,2067644.0
2020-04-30,8.57,8.8,8.32,8.72,1347749.0
2020-04-29,8.64,8.92,8.4,8.81,2215910.0
2020-04-28,9.4,9.8,7.91,8.2,5755626.0
2020-04-27,8.1,9.41,8.1,9.15,1703727.0
2020-04-24,8.82,8.93,7.9,8.04,3339648.0
2020-04-23,9.32,9.5,8.81,8.82,1416308.0
2020-04-22,9.56,9.65,9.29,9.3,794450.0
2020-04-21,9.49,9.86,9.2701,9.31,1927824.0
2020-04-20,9.01,9.97,8.6,9.76,2430144.0
2020-04-17,8.94,10.2,8.9,9.47,4163865.0
2020-04-16,8.77,9.04,8.06,8.54,1828306.0
2020-04-15,9.12,9.24,8.7,8.89,1744165.0
2020-04-14,10.0,10.19,9.11,9.66,2940242.0
2020-04-13,10.97,11.84,9.45,9.5,2786464.0
2020-04-09,10.87,11.14,10.0,10.79,6331688.0
2020-04-08,7.2,10.3,7.2,10.03,7329256.0
2020-04-07,7.5,7.58,7.2,7.3,4968681.0
2020-04-06,8.68,9.0,7.23,7.3,7447182.0
2020-04-03,6.61,8.1,6.33,8.06,26553932.0
2020-04-02,7.31,7.98,6.0,6.21,13961937.0
2020-04-01,15.0,15.0,5.8,6.92,9548728.0
