date,1. open,2. high,3. low,4. close,5. volume
2022-02-22,67.4468,67.79,64.8101,66.35,1987477.0
2022-02-18,66.28,67.28,65.73,65.78,1050456.0
2022-02-17,66.49,68.36,65.98,66.82,784768.0
2022-02-16,68.6,69.64,65.925,66.57,1064263.0
2022-02-15,66.61,68.65,66.27,68.27,831714.0
2022-02-14,69.13,69.98,67.14,67.77,738963.0
2022-02-11,67.33,69.6,66.76,69.15,1813838.0
2022-02-10,65.01,67.14,65.01,65.62,1403707.0
2022-02-09,65.52,66.19,64.95,65.68,1519998.0
2022-02-08,66.5,67.15,64.51,65.72,1751533.0
2022-02-07,66.21,67.525,65.86,66.79,1411164.0
2022-02-04,68.0,69.11,66.69,66.98,1200942.0
2022-02-03,68.59,69.29,67.09,67.69,1319916.0
2022-02-02,70.0,71.28,67.88,69.5,2622070.0
2022-02-01,67.66,69.25,67.4369,68.47,1747240.0
2022-01-31,68.23,69.04,67.43,68.17,1025009.0
2022-01-28,69.09,70.31,67.65,68.39,1822984.0
2022-01-27,70.35,70.7,66.88,69.12,1875539.0
2022-01-26,68.84,70.57,67.2,68.43,1722851.0
2022-01-25,64.15,67.95,63.31,67.13,2560519.0
2022-01-24,61.54,63.83,61.45,63.76,1706694.0
2022-01-21,63.94,64.58,62.32,63.04,1823949.0
2022-01-20,66.79,68.29,64.62,64.79,2253471.0
2022-01-19,69.67,70.6499,66.93,67.53,1514240.0
2022-01-18,73.0,73.19,68.77,69.47,1462740.0
2022-01-14,70.47,71.67,69.675,71.52,1534633.0
2022-01-13,73.33,73.41,69.89,70.1,1035899.0
2022-01-12,70.88,73.66,69.53,73.11,1820893.0
2022-01-11,70.31,70.89,68.32,69.89,1893193.0
2022-01-10,68.99,71.36,68.51,70.2,2126465.0
2022-01-07,67.28,69.69,66.72,69.3,1212864.0
2022-01-06,65.99,67.41,65.2,66.74,1401143.0
2022-01-05,68.78,69.4999,65.14,65.19,1535746.0
2022-01-04,66.9,68.8,66.4,66.78,1151731.0
2022-01-03,64.9,66.7,64.73,66.55,849226.0
2021-12-31,64.3,64.83,63.67,64.52,454887.0
2021-12-30,65.4,66.15,64.16,64.35,571420.0
2021-12-29,65.81,66.05,65.15,65.57,646121.0
2021-12-28,66.0,66.2637,65.3,65.96,641734.0
2021-12-27,63.13,65.855,62.13,65.85,771777.0
2021-12-23,62.65,63.94,62.5,63.18,959426.0
2021-12-22,61.52,63.38,61.45,62.41,626541.0
2021-12-21,60.76,62.65,60.22,61.63,874792.0
2021-12-20,59.64,60.825,58.83,60.1,1128107.0
2021-12-17,61.29,62.24,60.06,60.76,1047994.0
2021-12-16,63.1275,63.1275,61.24,61.36,957844.0
2021-12-15,61.4,61.66,60.15,60.94,998774.0
2021-12-14,61.34,63.23,60.77,61.73,1491160.0
2021-12-13,62.85,63.8,61.82,61.91,1074653.0
2021-12-10,64.02,64.2,62.71,63.8,669727.0
2021-12-09,63.46,64.0,62.89,63.32,799136.0
2021-12-08,63.43,64.79,62.69,64.46,602041.0
2021-12-07,60.06,63.45,60.0525,63.18,1038974.0
2021-12-06,61.44,61.44,58.185,59.79,1390766.0
2021-12-03,61.24,62.17,59.62,60.33,961180.0
2021-12-02,58.6,60.97,57.84,60.88,1691703.0
2021-12-01,61.42,61.55,56.75,57.0,1617047.0
2021-11-30,60.37,60.74,58.93,59.54,2053473.0
2021-11-29,64.35,64.78,61.19,61.37,1557627.0
2021-11-26,63.18,64.75,61.25,63.92,1178679.0
2021-11-24,63.28,64.77,63.28,64.68,639072.0
2021-11-23,61.24,64.23,61.14,63.94,1249596.0
2021-11-22,61.74,62.57,61.15,61.22,724140.0
2021-11-19,62.68,63.22,61.03,61.74,1328181.0
2021-11-18,63.53,64.47,63.1,64.23,1033556.0
2021-11-17,62.48,64.2803,62.1,63.75,1145959.0
2021-11-16,62.65,63.01,61.99,62.29,1413231.0
2021-11-15,63.66,63.83,61.41,62.41,1562168.0
2021-11-12,63.87,64.5083,62.76,62.92,747302.0
2021-11-11,63.4,65.15,63.1,64.44,836464.0
2021-11-10,66.9,66.99,62.76,63.1,1423902.0
2021-11-09,65.9,67.94,65.54,67.37,2051248.0
2021-11-08,66.35,66.44,65.34,66.22,1106160.0
2021-11-05,66.15,66.65,65.275,65.82,1104736.0
2021-11-04,68.28,68.99,65.53,65.6,1459674.0
2021-11-03,66.51,69.38,64.85,67.55,2756519.0
2021-11-02,65.21,65.72,64.65,65.37,1356209.0
2021-11-01,64.25,66.175,64.25,65.79,1744321.0
2021-10-29,66.7,66.7,62.72,63.74,1510856.0
2021-10-28,66.1,67.7,65.39,66.28,1169611.0
2021-10-27,67.6,68.44,66.14,66.21,1228270.0
2021-10-26,67.97,69.4,67.15,67.58,1438182.0
2021-10-25,64.41,68.37,63.74,67.75,2842938.0
2021-10-22,61.49,62.22,60.85,62.07,617502.0
2021-10-21,61.82,62.22,60.5,61.43,444824.0
2021-10-20,61.43,62.67,60.83,62.31,937854.0
2021-10-19,62.96,63.15,61.52,61.82,747650.0
2021-10-18,62.8,63.885,62.47,63.19,854006.0
2021-10-15,65.24,65.24,62.54,62.75,949736.0
2021-10-14,63.01,64.16,62.49,64.01,1024506.0
2021-10-13,61.9,62.82,61.13,62.05,1199577.0
2021-10-12,62.39,63.33,61.64,62.1,1053607.0
2021-10-11,67.15,67.41,62.72,62.73,1231105.0
2021-10-08,65.38,66.0877,64.53,65.78,1000921.0
2021-10-07,64.03,65.42,63.33,64.75,1223429.0
2021-10-06,66.17,66.19,63.17,63.97,1171329.0
2021-10-05,65.76,67.0,64.51,66.92,2127034.0
2021-10-04,63.11,65.25,62.93,64.64,1710333.0
2021-10-01,62.29,62.76,61.45,62.08,1261150.0
2021-09-30,61.15,62.35,60.29,61.59,1773505.0
2021-09-29,61.75,62.15,60.64,60.86,1220442.0
2021-09-28,63.42,64.0,61.83,62.1,1424938.0
2021-09-27,60.06,62.62,60.06,62.48,1729384.0
2021-09-24,60.23,61.05,58.54,58.59,1278717.0
2021-09-23,58.6,60.92,58.49,60.47,1226868.0
2021-09-22,59.2,59.59,58.28,58.56,1074640.0
2021-09-21,60.01,60.16,58.03,58.26,1069139.0
2021-09-20,59.67,61.5,58.76,59.72,1288803.0
2021-09-17,61.36,62.05,60.14,61.07,7431764.0
2021-09-16,62.6,63.113,61.02,61.19,1432337.0
2021-09-15,62.69,65.36,62.69,62.98,2657269.0
2021-09-14,63.02,63.325,61.32,61.69,1377489.0
2021-09-13,60.56,62.67,60.46,62.66,2490306.0
2021-09-10,61.36,61.43,59.51,59.54,1394772.0
2021-09-09,60.79,62.16,60.27,60.57,1752489.0
2021-09-08,60.0,61.45,59.83,60.88,1972966.0
2021-09-07,59.02,60.76,59.02,59.83,1694930.0
2021-09-03,58.81,59.19,57.84,59.03,1015330.0
2021-09-02,57.0,58.79,56.76,58.29,1362400.0
2021-09-01,55.78,56.69,55.44,56.61,1345287.0
2021-08-31,54.75,55.95,54.75,55.81,1772789.0
2021-08-30,55.61,55.66,54.64,54.79,516479.0
2021-08-27,53.51,56.5,53.41,55.38,2092529.0
2021-08-26,52.87,53.29,52.37,53.11,953196.0
2021-08-25,52.61,53.34,51.92,53.03,980858.0
2021-08-24,52.51,53.02,51.59,52.7,1247026.0
2021-08-23,52.76,53.26,51.92,52.25,1059597.0
2021-08-20,51.41,53.09,51.4,52.67,1388361.0
2021-08-19,51.26,52.12,50.71,51.97,1189547.0
2021-08-18,54.67,54.8,52.4,52.42,605201.0
2021-08-17,55.25,56.87,54.25,54.77,862014.0
2021-08-16,56.07,56.75,54.34,55.83,1790528.0
2021-08-13,59.03,59.04,56.45,56.79,1459409.0
2021-08-12,57.08,59.3,56.66,58.81,1699396.0
2021-08-11,56.76,57.82,55.35,56.94,2950284.0
2021-08-10,54.12,55.82,53.81,55.5,793031.0
2021-08-09,54.6,54.74,53.85,54.06,748715.0
2021-08-06,54.57,55.36,54.44,55.04,380219.0
2021-08-05,54.56,55.12,53.84,54.21,558317.0
2021-08-04,53.9,55.4975,53.24,54.48,559333.0
2021-08-03,53.2,54.82,52.74,54.57,576410.0
2021-08-02,53.98,55.2,53.17,53.3,567646.0
2021-07-30,55.25,55.54,53.67,54.05,622686.0
2021-07-29,55.91,55.92,54.88,55.34,562904.0
2021-07-28,55.13,55.89,54.73,55.44,730469.0
2021-07-27,54.87,55.32,54.43,54.96,952314.0
2021-07-26,54.99,55.89,54.51,55.18,1039956.0
2021-07-23,54.23,54.81,53.45,54.79,1090848.0
2021-07-22,52.9,54.63,52.37,53.98,890420.0
2021-07-21,51.32,53.3,50.77,52.96,1125789.0
2021-07-20,48.86,51.095,48.64,50.81,874726.0
2021-07-19,49.5,50.1,48.19,48.9,1172810.0
2021-07-16,51.02,51.41,48.83,50.14,805510.0
2021-07-15,50.35,51.27,50.0,50.72,1350347.0
2021-07-14,54.05,54.34,50.8,50.84,786564.0
2021-07-13,54.69,54.83,53.77,53.81,495854.0
2021-07-12,54.51,55.02,53.82,54.74,895718.0
2021-07-09,54.95,54.95,54.12,54.81,599498.0
2021-07-08,53.79,54.79,53.33,54.61,820362.0
2021-07-07,53.66,54.68,52.67,54.26,844841.0
2021-07-06,54.6,54.6,52.7,53.86,809950.0
2021-07-02,54.01,54.92,53.5,54.59,755895.0
2021-07-01,52.82,54.18,52.39,53.99,1453063.0
2021-06-30,49.6,52.03,49.59,51.92,1480138.0
2021-06-29,51.3,52.32,49.21,49.55,1477997.0
2021-06-28,53.1,53.39,50.74,51.0,1854035.0
2021-06-25,53.22,53.56,52.69,53.13,13760237.0
2021-06-24,52.84,54.2,52.39,53.09,1768843.0
2021-06-23,53.88,54.28,52.61,52.93,1302851.0
2021-06-22,55.21,55.21,52.86,53.61,2750117.0
2021-06-21,53.54,55.21,52.89,55.08,2881517.0
2021-06-18,53.08,53.8,52.72,53.11,3169880.0
2021-06-17,53.92,54.07,52.01,53.76,2991586.0
2021-06-16,55.96,56.36,53.84,54.09,2412098.0
2021-06-15,56.99,56.99,55.43,55.96,1689529.0
2021-06-14,56.15,56.71,55.46,55.83,1610053.0
2021-06-11,55.92,56.54,55.39,56.22,1086936.0
2021-06-10,55.71,55.83,54.76,55.58,1343060.0
2021-06-09,55.6,55.84,54.51,55.43,886179.0
2021-06-08,55.05,55.93,54.23,55.51,1999484.0
2021-06-07,55.59,56.07,54.62,55.54,1978915.0
2021-06-04,53.57,54.65,52.8801,54.43,929547.0
2021-06-03,53.39,53.89,52.48,53.48,755664.0
2021-06-02,55.0,55.0,53.2,53.42,1079700.0
2021-06-01,53.57,54.99,53.13,54.88,1429310.0
2021-05-28,53.0,53.2,52.28,52.8,652548.0
2021-05-27,53.25,53.25,51.54,52.95,1807633.0
2021-05-26,50.43,53.1,50.065,52.8,1400563.0
2021-05-25,50.47,51.17,49.91,50.44,726432.0
2021-05-24,50.7,50.93,49.83,50.55,955787.0
2021-05-21,50.44,50.72,49.675,50.43,1667952.0
2021-05-20,50.9,51.379,50.3209,50.49,913052.0
2021-05-19,50.41,51.248,50.0122,51.0,928147.0
2021-05-18,50.8,52.0,50.6,51.3,2565227.0
2021-05-17,48.97,50.4,48.81,49.99,1427077.0
2021-05-14,49.0,49.82,48.72,48.87,2141538.0
2021-05-13,49.49,50.59,48.19,49.5,831177.0
2021-05-12,52.68,52.68,48.28,49.48,2008354.0
2021-05-11,49.17,49.73,48.16,49.06,1135801.0
2021-05-10,49.63,49.97,49.25,49.57,840048.0
2021-05-07,47.16,49.5,47.16,49.17,1809528.0
2021-05-06,46.69,47.83,46.69,47.51,1222660.0
2021-05-05,46.23,47.63,46.095,46.74,1923386.0
2021-05-04,46.5,46.5,45.6,46.0,772172.0
2021-05-03,45.97,46.62,45.41,46.36,870278.0
2021-04-30,46.51,47.48,45.32,45.57,766130.0
2021-04-29,46.42,48.5,45.79,46.95,1033785.0
2021-04-28,47.15,47.32,45.94,46.18,599708.0
2021-04-27,46.65,47.5,46.38,46.87,721710.0
2021-04-26,46.34,47.46,46.27,46.88,380075.0
2021-04-23,46.05,47.22,45.42,46.46,471686.0
2021-04-22,46.27,46.9,45.85,46.08,1098633.0
2021-04-21,45.54,46.59,44.7813,46.24,592970.0
2021-04-20,45.97,46.31,44.31,45.71,595828.0
2021-04-19,45.71,46.625,45.41,45.97,386421.0
2021-04-16,46.7,46.89,45.325,45.65,390776.0
2021-04-15,46.16,46.58,45.35,46.19,465722.0
2021-04-14,45.67,46.31,45.25,46.19,821112.0
2021-04-13,45.35,45.82,45.32,45.51,311963.0
2021-04-12,45.67,45.92,45.25,45.45,640398.0
2021-04-09,45.2,45.91,44.48,45.54,686046.0
2021-04-08,44.99,45.82,44.77,45.33,732111.0
2021-04-07,45.11,46.0,44.4,45.1,943036.0
2021-04-06,45.01,45.95,44.05,45.21,725523.0
2021-04-05,44.82,45.155,43.5,44.66,579958.0
2021-04-01,43.09,45.795,42.825,44.93,619045.0
2021-03-31,43.03,44.5184,42.19,43.39,446663.0
2021-03-30,42.27,43.4,41.29,43.14,480190.0
2021-03-29,43.4,43.51,42.34,42.52,203972.0
2021-03-26,42.27,43.34,42.14,43.33,325005.0
2021-03-25,41.15,42.33,40.0,42.16,675175.0
2021-03-24,42.5,42.8,41.28,41.6,688655.0
2021-03-23,42.28,42.72,41.04,41.7,446999.0
2021-03-22,43.23,43.5,41.92,42.75,539255.0
2021-03-19,43.3,43.76,42.8,43.31,537112.0
2021-03-18,44.92,45.25,43.22,43.5,886854.0
2021-03-17,44.87,45.6,44.2,45.28,543104.0
2021-03-16,45.78,45.875,43.945,44.81,717657.0
2021-03-15,45.92,46.25,45.1,45.75,626783.0
2021-03-12,46.13,46.31,44.89,45.75,684271.0
2021-03-11,44.75,45.82,44.51,45.34,578892.0
2021-03-10,44.26,44.87,43.77,44.75,484270.0
2021-03-09,43.69,44.94,43.619,44.28,183416.0
2021-03-08,44.69,45.13,43.01,44.37,1125470.0
2021-03-05,47.0,47.08,44.02,45.03,968151.0
2021-03-04,47.66,48.79,45.79,46.18,679030.0
2021-03-03,45.51,47.64,45.22,47.25,1214448.0
2021-03-02,44.67,46.75,44.67,45.3,756575.0
2021-03-01,44.45,45.28,44.08,44.67,718886.0
2021-02-26,44.56,44.94,43.415,44.18,466087.0
2021-02-25,45.32,45.5,44.1,44.75,2485011.0
2021-02-24,43.24,45.08,42.64,45.0,3153182.0
2021-02-23,43.95,43.95,42.0,43.66,888492.0
2021-02-22,44.84,45.03,43.65,43.84,1449307.0
2021-02-19,43.66,44.63,43.01,44.0,1048177.0
2021-02-18,44.24,45.0,42.78,43.0,1589465.0
2021-02-17,44.03,44.6,43.5,44.26,1909851.0
2021-02-16,44.2,45.54,43.01,43.55,1369097.0
2021-02-12,43.01,43.5,41.55,42.51,2088188.0
2021-02-11,45.47,45.47,42.75,42.8,1652123.0
2021-02-10,43.0,50.0,43.0,44.99,1836935.0
