date,1. open,2. high,3. low,4. close,5. volume
2019-05-31,30.65,30.68,30.16,30.52,16206399.0
2019-05-30,31.18,31.4,31.01,31.17,14675282.0
2019-05-29,30.39,31.24,30.23,31.09,14494066.0
2019-05-28,31.08,31.18,30.69,30.77,16938595.0
2019-05-24,31.36,31.38,30.69,31.08,9551137.0
2019-05-23,31.27,31.31,30.64,30.94,17621770.0
2019-05-22,31.82,32.28,31.72,31.72,13426216.0
2019-05-21,31.48,32.31,31.45,31.99,15978051.0
2019-05-20,30.63,31.35,30.61,31.03,12470654.0
2019-05-17,30.45,31.31,30.39,30.97,14015462.0
2019-05-16,30.39,30.88,30.26,30.8,17371256.0
2019-05-15,30.35,30.69,30.06,30.1,15508536.0
2019-05-14,30.39,31.08,30.31,30.76,14217925.0
2019-05-13,30.65,30.67,30.1,30.24,14642265.0
2019-05-10,30.78,31.73,30.41,31.48,18567114.0
2019-05-09,31.25,31.5,30.82,30.99,19898629.0
2019-05-08,32.2,32.33,31.66,31.68,23196809.0
2019-05-07,33.23,33.25,32.04,32.14,23905087.0
2019-05-06,34.0,34.16,33.4,33.62,20020617.0
2019-05-03,34.83,35.25,34.37,34.89,14819009.0
2019-05-02,36.9,36.9,33.98,34.67,25473132.0
2019-05-01,38.39,38.66,37.31,37.31,13776377.0
2019-04-30,38.05,38.49,37.81,38.45,14294661.0
2019-04-29,38.04,38.16,37.73,37.96,13563150.0
2019-04-26,37.5,38.07,37.43,38.0,7754690.0
2019-04-25,38.09,38.12,37.46,37.6,10019942.0
2019-04-24,38.41,38.65,38.07,38.29,7222247.0
2019-04-23,38.02,38.42,37.86,38.28,10305603.0
2019-04-22,38.66,38.72,38.24,38.32,6629905.0
2019-04-18,39.27,39.29,38.62,39.0,7169621.0
2019-04-17,39.39,39.56,39.04,39.2,8320149.0
2019-04-16,38.75,39.2,38.61,39.15,9660494.0
2019-04-15,39.47,39.53,38.77,38.9,7413039.0
2019-04-12,39.14,39.52,38.82,39.47,13297271.0
2019-04-11,38.37,39.03,38.1,38.89,11925154.0
2019-04-10,38.13,38.57,38.09,38.5,10712230.0
2019-04-09,37.95,38.4,37.65,38.22,13993172.0
2019-04-08,37.64,38.18,37.53,38.14,11854316.0
2019-04-05,37.95,38.35,37.66,37.9,17653079.0
2019-04-04,37.43,37.79,36.77,37.78,21978128.0
2019-04-03,36.77,37.84,36.53,37.35,28021636.0
2019-04-02,36.52,37.17,36.09,36.49,22565272.0
2019-04-01,53.89,54.91,53.54,54.42,31947570.0
2019-03-29,51.28,53.35,51.25,53.31,19805408.0
2019-03-28,52.5,52.85,52.06,52.72,10133218.0
2019-03-27,53.24,53.38,52.24,52.66,11013655.0
2019-03-26,54.04,54.07,52.71,53.18,13859058.0
2019-03-25,53.66,54.18,53.25,53.27,15950882.0
2019-03-22,55.3,55.4,53.61,53.92,13462640.0
2019-03-21,54.57,56.64,54.54,55.92,16503699.0
2019-03-20,54.91,55.4,54.31,55.01,13562777.0
2019-03-19,55.52,56.35,54.81,55.08,19770399.0
2019-03-18,55.3,55.63,54.66,55.21,10202995.0
2019-03-15,55.03,55.932,54.98,55.28,17163470.0
2019-03-14,55.76,56.08,54.9,55.03,8184567.0
2019-03-13,55.97,56.3,55.5,55.9,10127278.0
2019-03-12,55.87,56.34,55.47,55.57,12235081.0
2019-03-11,55.13,56.13,54.87,55.58,11854537.0
2019-03-08,54.18,54.72,53.46,54.68,10604139.0
2019-03-07,54.14,54.68,53.27,54.52,12250310.0
2019-03-06,53.84,55.01,53.84,54.47,9439964.0
2019-03-05,54.04,54.19,53.53,53.68,7044037.0
2019-03-04,53.65,54.49,53.07,54.25,9814201.0
2019-03-01,53.83,54.05,52.52,53.34,11375992.0
2019-02-28,54.63,54.63,52.86,53.23,13506381.0
2019-02-27,55.43,55.5,54.37,54.72,10926395.0
2019-02-26,55.95,56.27,55.59,55.88,7543985.0
2019-02-25,55.23,56.4,55.08,56.08,11028710.0
2019-02-22,55.67,55.93,54.61,54.97,8961231.0
2019-02-21,56.28,56.82,54.94,55.26,11003589.0
2019-02-20,54.59,56.65,54.47,56.24,11690044.0
2019-02-19,53.68,55.03,53.68,54.59,10146621.0
2019-02-15,53.21,54.29,53.13,54.24,13438127.0
2019-02-14,52.82,53.36,52.65,52.66,7923412.0
2019-02-13,53.81,53.85,53.1,53.14,9403541.0
2019-02-12,52.53,53.53,52.11,53.36,11942456.0
2019-02-11,52.31,52.31,51.8,52.0,11651408.0
2019-02-08,51.69,52.0,50.83,51.71,10415980.0
2019-02-07,52.79,52.96,51.49,52.18,12874672.0
2019-02-06,53.74,54.3,53.16,53.21,11508249.0
2019-02-05,53.12,54.39,53.05,54.26,14272856.0
2019-02-04,53.16,53.16,52.51,53.13,16136526.0
2019-02-01,53.44,54.03,52.77,53.47,21033673.0
2019-01-31,54.47,56.99,53.66,53.81,34754729.0
2019-01-30,58.57,60.07,58.42,59.28,16310423.0
2019-01-29,57.99,58.87,57.99,58.52,8548566.0
2019-01-28,57.09,58.25,56.94,58.13,16632873.0
2019-01-25,57.15,58.3,57.11,57.76,7719002.0
2019-01-24,56.09,56.74,55.92,56.33,9056107.0
2019-01-23,56.34,56.61,55.76,56.43,9649286.0
2019-01-22,57.68,57.81,55.88,56.24,11787618.0
2019-01-18,57.63,58.53,57.45,58.06,12061580.0
2019-01-17,55.43,57.09,55.33,57.04,10668551.0
2019-01-16,54.79,55.99,54.75,55.4,7827782.0
2019-01-15,54.84,55.51,54.38,55.01,6263312.0
2019-01-14,54.53,55.78,54.29,55.38,8960614.0
2019-01-11,55.24,55.72,54.71,55.28,7160430.0
2019-01-10,54.99,55.74,54.51,55.68,10311038.0
2019-01-09,55.58,56.06,54.92,55.62,7473213.0
2019-01-08,55.42,56.14,55.03,55.39,10134749.0
2019-01-07,54.8,55.51,54.13,54.76,10993901.0
2019-01-04,53.74,54.95,53.57,54.73,13870741.0
2019-01-03,54.2,54.23,52.27,52.51,11912323.0
2019-01-02,52.49,54.93,52.31,54.52,11760804.0
2018-12-31,53.08,54.0,52.74,53.48,10921197.0
2018-12-28,53.68,54.07,52.79,53.02,10648714.0
2018-12-27,51.14,53.34,51.07,53.33,12439205.0
2018-12-26,49.42,52.23,48.89,52.23,13490256.0
2018-12-24,50.38,50.62,49.0,49.09,8354914.0
2018-12-21,50.83,52.32,50.53,50.59,24348715.0
2018-12-20,51.58,52.76,50.49,51.04,21002429.0
2018-12-19,52.45,54.31,51.84,52.16,19137249.0
2018-12-18,52.27,53.25,51.85,52.29,15975122.0
2018-12-17,52.6,53.32,51.205,51.68,15261758.0
2018-12-14,53.27,53.94,52.57,52.78,11842402.0
2018-12-13,54.53,54.85,53.44,53.78,10367115.0
2018-12-12,54.26,55.0,53.87,54.35,15666636.0
2018-12-11,54.96,55.64,53.07,53.26,12075269.0
2018-12-10,53.44,54.07,52.22,53.8,15108460.0
2018-12-07,56.15,57.27,53.51,53.75,17496786.0
2018-12-06,55.28,55.92,53.75,55.92,14819527.0
2018-12-04,58.95,58.95,56.34,56.49,11870833.0
2018-12-03,59.6,60.21,58.48,59.16,13018743.0
2018-11-30,56.92,58.02,56.92,57.85,13688647.0
2018-11-29,56.95,57.67,56.76,57.24,9839152.0
2018-11-28,57.21,57.91,56.17,57.22,14862705.0
2018-11-27,57.15,57.4,56.48,57.18,7230229.0
2018-11-26,56.77,58.02,56.72,57.66,10066480.0
2018-11-23,56.2,56.91,55.92,56.43,3893586.0
2018-11-21,56.65,57.78,56.41,56.97,9070154.0
2018-11-20,56.92,57.1,55.77,56.37,14468242.0
2018-11-19,59.03,59.64,57.64,57.8,8774701.0
2018-11-16,58.51,59.42,58.33,59.19,11280139.0
2018-11-15,57.46,59.3,57.08,58.73,12966926.0
2018-11-14,58.17,58.63,57.17,57.98,9854087.0
2018-11-13,57.83,58.88,57.44,57.47,9132874.0
2018-11-12,58.72,59.05,57.53,57.7,9631182.0
2018-11-09,59.6,59.6,57.76,58.68,11663211.0
2018-11-08,59.4,60.45,59.2,59.44,12302352.0
2018-11-07,58.8,59.88,58.24,59.83,12124027.0
2018-11-06,57.51,58.44,57.39,58.02,7445643.0
2018-11-05,58.05,58.09,57.21,57.63,8989274.0
2018-11-02,58.68,59.21,56.78,57.73,14988600.0
2018-11-01,58.53,59.51,56.39,58.27,23333839.0
2018-10-31,53.48,54.6,53.18,53.92,16013363.0
2018-10-30,52.05,53.12,51.55,52.63,15344570.0
2018-10-29,52.83,53.34,51.43,52.07,13179095.0
2018-10-26,52.39,52.9,51.32,52.0,22392555.0
2018-10-25,53.39,53.63,52.52,52.92,12897278.0
2018-10-24,54.55,54.72,52.58,52.68,19487584.0
2018-10-23,55.02,55.24,53.69,54.68,18129079.0
2018-10-22,57.78,57.94,55.77,56.07,13293107.0
2018-10-19,57.29,58.66,57.19,57.49,14036405.0
2018-10-18,59.2,59.62,58.27,58.58,8812733.0
2018-10-17,59.91,60.04,59.0,59.57,7803981.0
2018-10-16,59.27,60.59,58.93,60.26,8542451.0
2018-10-15,59.69,60.1,58.92,58.94,6355398.0
2018-10-12,60.36,61.1,59.05,59.66,11296673.0
2018-10-11,59.1,60.24,58.81,58.98,14969348.0
2018-10-10,60.53,60.79,59.01,59.32,19101791.0
2018-10-09,62.78,62.84,60.61,60.84,15096273.0
2018-10-08,63.0,63.48,62.67,63.16,9841878.0
2018-10-05,63.78,64.21,62.89,63.19,7675999.0
2018-10-04,64.27,64.31,63.31,64.01,8872995.0
2018-10-03,65.05,65.21,64.1,64.39,11174204.0
2018-10-02,64.9,65.45,64.7,64.82,6973907.0
2018-10-01,64.77,65.76,64.72,64.82,11676262.0
2018-09-28,65.04,65.1,64.11,64.31,12944817.0
2018-09-27,67.0,67.05,65.23,65.33,15278109.0
2018-09-26,67.28,67.7,66.56,66.89,13000236.0
2018-09-25,68.22,68.69,67.89,67.95,6099851.0
2018-09-24,69.43,69.62,68.04,68.2,6725265.0
2018-09-21,70.48,70.66,69.39,69.69,13301711.0
2018-09-20,69.39,70.36,69.39,70.03,8720207.0
2018-09-19,68.04,69.19,67.57,68.73,10474538.0
2018-09-18,69.28,69.67,67.99,68.03,8336134.0
2018-09-17,68.58,69.73,68.41,68.82,6869242.0
2018-09-14,69.25,69.55,68.42,68.58,7438817.0
2018-09-13,69.66,70.25,68.82,68.92,7118238.0
2018-09-12,69.99,70.08,69.1,69.24,7846599.0
2018-09-11,69.51,70.55,69.18,70.08,7651033.0
2018-09-10,70.33,70.56,69.97,70.06,8517642.0
2018-09-07,69.55,70.14,69.02,70.0,7566210.0
2018-09-06,70.05,70.8,69.73,70.08,6048046.0
2018-09-05,69.63,70.56,69.36,70.05,7314398.0
2018-09-04,69.75,70.25,69.24,69.72,10032475.0
2018-08-31,69.93,70.53,69.83,70.13,8130764.0
2018-08-30,70.72,70.89,69.8,70.2,8632163.0
2018-08-29,70.81,71.93,70.28,71.44,8689986.0
2018-08-28,71.13,71.58,70.36,70.74,5943159.0
2018-08-27,69.67,71.28,69.54,70.81,10421162.0
2018-08-24,68.48,69.68,68.4,69.21,6207754.0
2018-08-23,68.55,68.7,67.84,68.11,5522717.0
2018-08-22,68.84,69.04,68.18,68.76,4541197.0
2018-08-21,68.48,69.44,68.33,68.83,8258507.0
2018-08-20,68.0,68.82,67.92,68.48,7295553.0
2018-08-17,67.16,68.05,66.9,67.79,6483157.0
2018-08-16,66.99,67.58,66.57,67.08,7201517.0
2018-08-15,66.81,66.87,65.7,66.46,8185403.0
2018-08-14,66.83,68.08,66.83,67.56,7018137.0
2018-08-13,67.68,67.85,66.05,66.59,6517998.0
2018-08-10,68.71,68.71,67.62,67.74,7069242.0
2018-08-09,68.33,69.5,68.14,69.02,8104275.0
2018-08-08,68.19,68.39,67.53,67.66,6385827.0
2018-08-07,67.93,68.65,67.85,68.14,8063089.0
2018-08-06,66.35,68.14,66.29,67.76,5714558.0
2018-08-03,66.8,67.63,66.19,66.82,7558295.0
2018-08-02,66.02,66.7,65.13,66.44,11174936.0
2018-08-01,68.48,68.96,67.72,67.96,6116996.0
2018-07-31,68.37,69.1,68.27,68.77,7437854.0
2018-07-30,68.28,69.11,67.94,68.05,6611197.0
2018-07-27,68.55,68.92,68.19,68.37,7393399.0
2018-07-26,67.88,68.55,67.37,68.25,9703622.0
2018-07-25,66.68,67.73,66.53,67.53,5573255.0
2018-07-24,66.01,67.38,65.7,66.92,6561640.0
2018-07-23,65.88,66.03,65.49,65.7,6255559.0
2018-07-20,65.37,66.08,64.8,65.82,6248402.0
2018-07-19,66.55,66.55,65.54,66.14,7114186.0
2018-07-18,67.04,67.2,66.49,66.59,5160011.0
2018-07-17,65.55,67.59,65.31,67.06,6170086.0
2018-07-16,66.53,66.6,65.2,65.72,5760123.0
2018-07-13,66.21,66.88,66.14,66.36,4059710.0
2018-07-12,66.81,66.81,65.79,66.25,4751456.0
2018-07-11,67.03,67.06,65.76,66.3,6909204.0
2018-07-10,66.85,68.14,66.85,67.81,8053856.0
2018-07-09,66.27,66.79,66.09,66.75,5906078.0
2018-07-06,66.0,66.33,65.31,65.93,6140762.0
2018-07-05,65.72,66.27,65.09,66.07,5908703.0
2018-07-03,66.45,66.72,65.09,65.15,3583857.0
2018-07-02,65.53,65.85,64.76,65.77,6377874.0
2018-06-29,66.23,67.31,65.9,65.92,6663630.0
2018-06-28,65.64,66.4,64.61,66.15,6815706.0
2018-06-27,66.54,67.5,65.6,65.61,7872445.0
2018-06-26,66.55,66.55,65.82,66.31,5796598.0
2018-06-25,66.37,66.56,65.07,65.98,8655304.0
2018-06-22,66.05,67.23,66.05,67.0,18217183.0
2018-06-21,65.74,65.74,65.02,65.28,6176499.0
2018-06-20,66.5,66.5,65.45,65.89,7191427.0
2018-06-19,66.81,66.81,64.97,66.36,10741333.0
2018-06-18,67.17,67.96,66.97,67.79,6563654.0
2018-06-15,67.95,68.13,66.96,67.75,17299552.0
2018-06-14,68.89,69.0,68.04,68.38,7463077.0
2018-06-13,69.77,69.84,68.54,68.57,9395538.0
2018-06-12,69.65,70.03,69.24,69.78,7522997.0
2018-06-11,69.53,69.87,68.95,69.49,6776904.0
2018-06-08,69.44,70.01,68.53,69.49,6227713.0
2018-06-07,69.94,70.4,68.94,69.42,9312759.0
2018-06-06,68.04,70.16,67.86,70.04,13919388.0
2018-06-05,67.33,68.91,67.15,67.89,10348197.0
2018-06-04,66.5,67.43,66.39,67.13,9338432.0
2018-06-01,64.87,66.55,64.47,66.17,8903138.0
2018-05-31,64.75,64.9,64.05,64.11,11932126.0
2018-05-30,64.01,65.09,64.0,64.79,7184596.0
2018-05-29,65.05,65.41,63.53,63.94,9894903.0
2018-05-25,66.12,66.15,65.41,65.71,7132517.0
2018-05-24,66.71,67.31,65.95,66.38,5254746.0
2018-05-23,66.88,67.14,66.16,67.04,7170855.0
2018-05-22,68.65,68.72,67.32,67.47,6128861.0
2018-05-21,68.0,68.78,68.0,68.63,8146298.0
2018-05-18,67.98,68.29,67.37,67.57,6011909.0
2018-05-17,67.81,68.65,67.72,68.16,8120467.0
2018-05-16,67.09,68.09,66.81,68.03,6053441.0
2018-05-15,67.07,67.44,66.51,67.15,5971048.0
2018-05-14,67.19,67.75,67.04,67.53,6628273.0
2018-05-11,67.11,67.61,66.71,66.93,6451183.0
2018-05-10,66.15,67.7,66.08,66.95,7500630.0
2018-05-09,64.73,66.15,64.68,66.03,10312284.0
2018-05-08,64.56,64.84,63.75,64.23,6000101.0
2018-05-07,64.5,65.39,64.39,64.92,6706217.0
2018-05-04,63.21,65.22,62.72,64.47,7921261.0
2018-05-03,63.8,65.49,61.78,63.47,15473444.0
2018-05-02,62.83,63.93,62.83,63.49,8669545.0
2018-05-01,63.21,63.37,61.97,63.06,7165070.0
2018-04-30,64.73,64.9,63.24,63.24,7369825.0
2018-04-27,63.95,64.97,63.66,64.32,6992843.0
2018-04-26,63.8,64.65,63.58,64.04,13409495.0
2018-04-25,63.34,63.75,62.44,63.64,7865687.0
2018-04-24,66.01,66.18,62.34,63.18,12438746.0
2018-04-23,65.87,66.06,65.51,65.6,5293914.0
2018-04-20,66.56,66.96,65.61,66.04,8723797.0
2018-04-19,67.76,67.83,66.2,66.53,10144215.0
2018-04-18,67.68,68.36,67.39,68.06,6650957.0
2018-04-17,67.39,67.88,67.04,67.55,10950282.0
2018-04-16,66.69,67.27,66.08,67.01,5507469.0
2018-04-13,67.0,67.35,65.88,66.17,6083581.0
2018-04-12,65.19,66.85,65.1,66.47,8044492.0
2018-04-11,65.13,65.26,64.46,64.73,6872275.0
2018-04-10,64.85,66.48,64.85,65.89,9250465.0
2018-04-09,64.01,64.47,63.47,63.69,12640092.0
2018-04-06,64.82,64.99,63.2,63.71,11325014.0
2018-04-05,64.01,65.61,63.94,65.44,10358543.0
2018-04-04,62.01,63.78,61.32,63.69,10645852.0
2018-04-03,62.27,63.79,61.46,63.32,11797865.0
2018-04-02,63.57,64.12,61.27,62.04,11698449.0
2018-03-29,62.62,64.03,62.31,63.71,12034470.0
2018-03-28,63.89,64.46,62.33,62.41,11078758.0
2018-03-27,64.71,65.5,63.14,63.64,9204879.0
2018-03-26,63.74,64.55,62.43,64.48,10264462.0
2018-03-23,65.66,65.85,62.96,63.06,13127805.0
2018-03-22,66.82,67.51,65.5,65.62,8773642.0
2018-03-21,66.39,68.56,66.16,67.43,8096699.0
2018-03-20,66.87,67.18,66.1,66.39,10283797.0
2018-03-19,67.77,67.86,65.82,66.56,11660797.0
2018-03-16,67.55,68.67,67.38,67.96,16779902.0
2018-03-15,69.09,69.28,67.87,67.88,7371279.0
2018-03-14,70.92,70.92,68.86,68.99,8288064.0
2018-03-13,72.06,72.43,70.55,70.57,11455894.0
2018-03-12,72.24,73.23,71.18,71.34,6897693.0
2018-03-09,70.85,72.27,70.61,72.23,5244420.0
2018-03-08,70.5,70.8,69.7,70.58,5133756.0
2018-03-07,69.66,70.5,69.42,70.17,7748132.0
2018-03-06,70.11,71.7,69.65,70.79,6677548.0
2018-03-05,67.98,69.99,67.53,69.66,9278886.0
2018-03-02,68.27,68.8,67.65,68.43,9488512.0
2018-03-01,70.14,70.49,68.36,68.76,10963015.0
2018-02-28,72.5,72.96,70.25,70.3,8067027.0
2018-02-27,73.27,73.82,72.36,72.36,6616264.0
2018-02-26,73.42,74.12,73.05,74.06,6621469.0
2018-02-23,72.46,73.37,71.7,73.26,5924127.0
2018-02-22,71.33,72.665,71.2,71.93,6506450.0
2018-02-21,71.5,72.65,70.92,70.96,6787844.0
2018-02-20,71.6,72.34,71.33,71.62,6673015.0
2018-02-16,71.66,72.94,71.51,71.95,6925027.0
2018-02-15,72.06,72.25,70.88,71.85,6394232.0
2018-02-14,69.99,71.5,69.9,71.33,7461744.0
2018-02-13,71.34,71.75,70.6,70.75,6536275.0
2018-02-12,70.2,72.05,70.17,71.84,10212877.0
2018-02-09,68.86,70.22,67.24,69.48,13088507.0
2018-02-08,70.67,71.48,68.12,68.21,12426812.0
2018-02-07,70.96,72.14,70.52,70.6,11142076.0
2018-02-06,66.63,71.95,66.19,71.89,23087108.0
2018-02-05,70.19,71.87,67.03,67.84,18340685.0
2018-02-02,73.06,73.29,70.64,70.89,12705438.0
2018-02-01,74.68,76.0,73.43,73.5,13247352.0
2018-01-31,75.38,76.05,74.79,75.58,10046915.0
2018-01-30,75.49,75.98,74.92,75.13,7448651.0
2018-01-29,77.02,77.06,75.83,75.87,5652076.0
2018-01-26,76.57,77.02,75.26,77.02,5963096.0
2018-01-25,76.33,76.97,76.21,76.65,6424666.0
2018-01-24,76.28,77.08,75.61,76.01,9178822.0
2018-01-23,75.86,76.37,75.61,76.14,5568764.0
2018-01-22,75.79,76.18,75.29,76.18,6064341.0
2018-01-19,76.49,76.49,75.76,76.01,8157916.0
2018-01-18,75.57,76.65,75.12,76.03,9902301.0
2018-01-17,75.97,76.35,75.09,75.77,7685511.0
2018-01-16,75.76,76.35,74.34,74.95,6478582.0
2018-01-12,75.57,75.63,74.99,75.41,4809786.0
2018-01-11,74.4,75.23,74.21,75.22,5935423.0
2018-01-10,75.0,75.37,73.9,74.2,7126620.0
2018-01-09,74.94,76.34,74.66,75.34,7549584.0
2018-01-08,75.34,75.49,74.47,75.16,5808534.0
2018-01-05,74.5,75.54,74.49,75.42,8874760.0
2018-01-04,73.17,74.74,73.14,74.45,9431983.0
2018-01-03,72.01,73.14,71.69,73.05,7884048.0
2018-01-02,71.57,72.19,71.4,71.9,7407279.0
2017-12-29,71.81,71.85,71.22,71.22,4708711.0
2017-12-28,71.38,71.63,70.89,71.51,4269915.0
2017-12-27,71.65,71.75,71.29,71.44,4097522.0
2017-12-26,72.11,72.17,71.31,71.44,3093544.0
2017-12-22,71.85,72.35,71.76,72.11,4370788.0
2017-12-21,71.63,71.8,71.01,71.64,7166441.0
2017-12-20,71.65,72.06,71.24,71.27,5817729.0
2017-12-19,71.4,71.75,71.22,71.42,5109184.0
2017-12-18,70.46,71.69,70.24,71.39,6718420.0
2017-12-15,70.07,70.44,69.86,70.0,14783747.0
2017-12-14,70.65,70.93,70.07,70.32,7042053.0
2017-12-13,70.68,71.05,70.42,70.56,9666650.0
2017-12-12,70.72,71.15,70.67,70.79,9228604.0
2017-12-11,71.27,71.41,70.68,70.81,6603957.0
2017-12-08,71.03,71.52,70.32,70.73,8511037.0
2017-12-07,71.0,71.5,70.8499,71.37,6160392.0
2017-12-06,71.66,71.79,70.95,71.08,5717782.0
2017-12-05,72.94,73.2,71.5,71.54,8641962.0
2017-12-04,71.72,72.9875,71.5,72.13,8552310.0
2017-12-01,72.32,72.61,70.67,71.01,7635467.0
2017-11-30,71.82,72.83,71.44,71.96,8947524.0
2017-11-29,71.17,71.93,70.87,71.78,6437722.0
2017-11-28,70.3,71.2,70.13,71.09,8231453.0
2017-11-27,71.03,71.05,70.02,70.13,6720193.0
2017-11-24,70.6,71.39,70.53,71.16,2636225.0
2017-11-22,71.35,71.38,70.6,70.6,6352993.0
2017-11-21,71.4,71.775,71.1,71.26,8085686.0
2017-11-20,70.66,71.27,70.54,70.85,5521435.0
2017-11-17,70.65,71.21,70.5,70.74,8734674.0
2017-11-16,69.36,70.77,69.07,70.68,9589996.0
2017-11-15,68.22,69.14,67.995,68.97,13546227.0
2017-11-14,69.8,69.93,68.335,68.57,8126127.0
2017-11-13,69.44,70.65,69.31,70.46,6105426.0
2017-11-10,70.23,70.49,69.74,69.97,7118712.0
2017-11-09,70.5,70.54,70.01,70.23,4528620.0
2017-11-08,71.31,71.5,70.71,70.81,6048451.0
2017-11-07,70.89,71.15,70.32,71.14,6654903.0
2017-11-06,71.4,71.73,70.13,70.24,8919535.0
2017-11-03,72.09,72.27,70.86,71.16,8505147.0
2017-11-02,72.02,73.2,71.56,72.04,10239822.0
2017-11-01,73.11,73.58,72.32,73.32,7785670.0
2017-10-31,71.91,72.465,71.6,72.31,5925916.0
2017-10-30,72.32,72.61,71.5199,71.68,5736786.0
2017-10-27,73.0,73.1,72.23,72.54,8373245.0
2017-10-26,72.33,73.85,72.03,73.05,16680416.0
2017-10-25,71.86,72.1,70.93,71.12,6556254.0
2017-10-24,71.84,72.12,71.61,71.86,10221914.0
2017-10-23,71.95,72.1798,71.4,71.55,11089734.0
2017-10-20,71.2,71.3901,71.0,71.18,7323008.0
2017-10-19,70.65,71.075,70.29,70.89,5846213.0
2017-10-18,70.86,70.97,70.56,70.78,4755211.0
2017-10-17,70.8,70.935,70.53,70.88,5580414.0
2017-10-16,71.8,71.81,70.81,70.93,4264175.0
2017-10-13,71.53,71.7,71.15,71.43,5135077.0
2017-10-12,71.5,71.63,71.21,71.4,4464653.0
2017-10-11,71.5,71.63,70.92,71.62,4969383.0
2017-10-10,71.56,71.75,71.16,71.57,4828995.0
2017-10-09,71.2,71.88,71.0,71.68,5278815.0
2017-10-06,70.8,71.23,70.62,71.22,3916285.0
2017-10-05,70.82,71.0,70.24,70.97,5478167.0
2017-10-04,70.58,70.91,70.44,70.45,5999176.0
2017-10-03,70.41,70.62,69.9001,70.36,6609275.0
2017-10-02,69.4,70.42,69.15,70.42,5973290.0
2017-09-29,69.0,69.41,68.57,69.23,5635752.0
2017-09-28,68.44,69.07,67.77,69.06,7868752.0
2017-09-27,69.52,69.52,68.27,68.8,6594167.0
2017-09-26,70.26,70.4757,69.33,69.35,5231424.0
2017-09-25,70.07,70.38,69.21,70.34,6366314.0
2017-09-22,70.14,70.23,69.68,69.96,4013074.0
2017-09-21,70.41,70.5,70.1,70.32,4450108.0
2017-09-20,70.28,70.5,69.6601,70.41,6639388.0
2017-09-19,70.02,70.11,69.64,70.05,6676368.0
2017-09-18,70.0,70.37,69.62,69.77,7193103.0
2017-09-15,70.26,70.7,69.5,69.86,32382148.0
2017-09-14,69.6,70.3,69.22,70.02,11262962.0
2017-09-13,68.9,69.6,68.29,69.5,8734377.0
2017-09-12,68.2,69.25,67.8007,68.52,14419059.0
2017-09-11,65.25,67.16,65.2,66.85,11567033.0
2017-09-08,64.9,65.2,64.64,64.85,8099999.0
2017-09-07,64.6,64.95,64.22,64.68,6321024.0
2017-09-06,65.2,65.33,64.01,64.87,9965743.0
2017-09-05,67.02,67.17,64.98,64.98,10832692.0
2017-09-01,66.66,67.3,65.66,67.18,7204419.0
2017-08-25,64.59,64.74,64.27,64.54,2676500.0
2017-08-14,63.53,63.9,63.24,63.41,3168900.0
2017-08-04,63.55,64.16,63.52,64.11,4015500.0
2017-08-03,64.31,64.53,63.24,63.43,6185100.0
