date,1. open,2. high,3. low,4. close,5. volume
2022-02-22,2.11,2.11,1.841,1.9235,4325.0
2022-02-18,1.96,2.1,1.85,1.85,11952.0
2022-02-17,1.96,2.04,1.8575,1.87,11303.0
2022-02-16,1.95,2.1,1.95,2.0347,9970.0
2022-02-15,1.76,2.12,1.76,1.95,10272.0
2022-02-14,1.87,2.02,1.87,2.02,9266.0
2022-02-11,1.88,1.98,1.83,1.83,9949.0
2022-02-10,1.87,1.89,1.79,1.89,4628.0
2022-02-09,2.09,2.09,1.8701,1.89,7326.0
2022-02-08,1.89,2.03,1.84,2.03,1550.0
2022-02-07,1.89,1.98,1.788,1.895,5583.0
2022-02-04,1.7228,1.85,1.7228,1.85,2131.0
2022-02-03,1.76,1.9,1.72,1.83,42622.0
2022-02-02,1.86,1.92,1.76,1.92,40597.0
2022-02-01,1.86,2.0,1.73,1.9244,49933.0
2022-01-31,1.81,1.88,1.76,1.85,15745.0
2022-01-28,1.7,1.819,1.7,1.819,3657.0
2022-01-27,1.73,1.82,1.7,1.7718,7915.0
2022-01-26,1.75,1.88,1.7102,1.8,13435.0
2022-01-25,1.6,1.728,1.6,1.725,6795.0
2022-01-24,1.85,1.88,1.5544,1.61,81106.0
2022-01-21,2.13,2.13,1.86,1.86,50140.0
2022-01-20,1.98,2.14,1.9538,2.14,13479.0
2022-01-19,2.2894,2.2894,2.05,2.07,15398.0
2022-01-18,2.25,2.2759,2.15,2.2,6617.0
2022-01-14,2.2,2.29,2.17,2.19,13646.0
2022-01-13,2.34,2.4399,2.25,2.25,21685.0
2022-01-12,2.4,2.4,2.3,2.35,7121.0
2022-01-11,2.39,2.39,2.1554,2.25,2031.0
2022-01-10,2.25,2.44,2.15,2.22,8195.0
2022-01-07,2.45,2.45,2.28,2.29,3005.0
2022-01-06,2.3,2.39,2.27,2.27,7929.0
2022-01-05,2.44,2.47,2.28,2.39,21174.0
2022-01-04,2.31,2.45,2.22,2.44,88012.0
2022-01-03,2.23,2.47,2.15,2.28,285284.0
2021-12-31,2.3,2.33,2.24,2.26,19692.0
2021-12-30,2.13,2.37,2.13,2.34,56005.0
2021-12-29,2.1515,2.3878,2.1501,2.18,122023.0
2021-12-28,2.4,2.4,2.16,2.28,43311.0
2021-12-27,2.4262,2.428,2.2643,2.31,7397.0
2021-12-23,2.28,2.36,2.26,2.3337,13916.0
2021-12-22,2.41,2.42,2.25,2.4,16919.0
2021-12-21,2.3866,2.4,2.31,2.3301,36837.0
2021-12-20,2.1302,2.4,2.1302,2.29,25603.0
2021-12-17,2.2089,2.28,2.195,2.22,14365.0
2021-12-16,2.21,2.38,2.17,2.23,81342.0
2021-12-15,2.1303,2.28,2.07,2.25,50678.0
2021-12-14,2.04,2.2,2.04,2.17,18888.0
2021-12-13,2.18,2.31,2.07,2.08,50150.0
2021-12-10,2.13,2.32,2.13,2.24,56336.0
2021-12-09,2.28,2.3327,2.12,2.12,28629.0
2021-12-08,2.21,2.28,2.1935,2.28,51310.0
2021-12-07,2.05,2.29,2.05,2.21,51961.0
2021-12-06,2.05,2.12,1.9201,2.11,111047.0
2021-12-03,2.15,2.3653,2.04,2.05,344981.0
2021-12-02,2.33,2.55,2.17,2.24,389623.0
2021-12-01,2.68,2.8,2.31,2.37,431147.0
2021-11-30,3.36,3.36,2.65,2.66,639932.0
2021-11-29,3.48,3.67,3.2,3.41,1373561.0
2021-11-26,3.1,3.69,3.0401,3.4,1109889.0
2021-11-24,3.14,3.4,3.08,3.36,254371.0
2021-11-23,3.07,3.2,2.96,3.06,237303.0
2021-11-22,2.69,3.27,2.6,3.1201,730517.0
2021-11-19,2.77,2.8,2.64,2.74,142776.0
2021-11-18,2.92,2.98,2.68,2.7,103265.0
2021-11-17,2.78,2.99,2.7,2.98,111711.0
2021-11-16,2.76,2.9273,2.66,2.87,171542.0
2021-11-15,2.7,2.8276,2.56,2.71,155433.0
2021-11-12,2.82,2.91,2.61,2.66,163000.0
2021-11-11,2.9827,3.0734,2.75,2.81,152919.0
2021-11-10,3.1,3.135,2.87,2.93,118315.0
2021-11-09,3.0,3.2384,2.9171,3.1,219057.0
2021-11-08,2.85,3.1622,2.8401,3.02,142994.0
2021-11-05,3.01,3.07,2.8,2.89,115736.0
2021-11-04,2.79,3.18,2.79,3.02,334275.0
2021-11-03,2.82,2.8773,2.74,2.86,110008.0
2021-11-02,2.94,2.99,2.74,2.82,241462.0
2021-11-01,2.95,3.14,2.6,2.73,331262.0
2021-10-29,3.03,3.1754,2.92,2.98,41495.0
2021-10-28,3.16,3.48,3.01,3.08,417123.0
2021-10-27,3.12,3.26,3.0905,3.1,66511.0
2021-10-26,2.97,3.29,2.97,3.18,142983.0
2021-10-25,2.96,3.05,2.93,3.04,35724.0
2021-10-22,3.32,3.35,2.89,2.96,176765.0
2021-10-21,3.23,3.75,3.23,3.36,510049.0
2021-10-20,3.15,3.45,3.15,3.37,255858.0
2021-10-19,3.09,3.27,3.07,3.23,57954.0
2021-10-18,3.35,3.35,3.04,3.14,29937.0
2021-10-15,3.13,3.5,3.13,3.27,144464.0
2021-10-14,3.25,3.3,3.0303,3.17,33778.0
2021-10-13,3.09,3.34,3.08,3.28,54794.0
2021-10-12,3.06,3.2,3.0,3.05,92745.0
2021-10-11,3.02,3.12,2.96,3.01,26902.0
2021-10-08,2.94,3.18,2.9201,3.01,56201.0
2021-10-07,2.9944,3.08,2.94,3.02,29437.0
2021-10-06,3.03,3.03,2.88,2.91,18360.0
2021-10-05,3.18,3.19,2.93,2.93,59311.0
2021-10-04,3.03,3.2295,3.03,3.19,178058.0
2021-10-01,2.95,3.02,2.88,3.02,40853.0
2021-09-30,2.97,3.1,2.89,2.95,43647.0
2021-09-29,3.13,3.16,2.88,2.97,96970.0
2021-09-28,3.25,3.39,3.1,3.16,91029.0
2021-09-27,3.12,3.36,3.09,3.25,162817.0
2021-09-24,3.17,3.3,3.1,3.12,97112.0
2021-09-23,3.18,3.38,3.1101,3.23,119611.0
2021-09-22,3.21,3.3,3.13,3.21,29212.0
2021-09-21,3.08,3.32,3.08,3.24,130789.0
2021-09-20,3.02,3.2,2.95,3.09,172530.0
2021-09-17,3.11,3.1799,2.96,3.02,193007.0
2021-09-16,3.38,4.04,3.05,3.14,1047967.0
2021-09-15,3.6,3.625,3.35,3.42,212262.0
2021-09-14,3.76,3.98,3.511,3.65,931541.0
2021-09-13,3.8,3.8,3.6007,3.79,49580.0
2021-09-10,3.82,3.96,3.63,3.83,86757.0
2021-09-09,3.7,3.94,3.63,3.86,151646.0
2021-09-08,3.7,3.8,3.6,3.74,173671.0
2021-09-07,3.69,3.95,3.53,3.66,789934.0
2021-09-03,4.86,5.17,3.71,3.75,3647685.0
2021-09-02,4.1538,4.25,4.05,4.08,82179.0
2021-09-01,4.15,4.34,4.04,4.15,102321.0
2021-08-31,4.03,4.25,4.03,4.16,129138.0
2021-08-30,4.11,4.39,3.95,4.05,615537.0
2021-08-27,4.167,4.6999,3.93,4.2,1307421.0
2021-08-26,3.83,4.22,3.83,4.0,347855.0
2021-08-25,3.72,4.06,3.55,3.83,170170.0
2021-08-24,3.6,3.7999,3.5179,3.72,184782.0
2021-08-23,3.51,3.65,3.46,3.54,143991.0
2021-08-20,3.49,3.7299,3.4501,3.51,99550.0
2021-08-19,3.7,3.7,3.52,3.55,144765.0
2021-08-18,3.66,3.99,3.6,3.71,223633.0
2021-08-17,3.55,4.09,3.55,3.7,387787.0
2021-08-16,3.57,3.8664,3.26,3.55,458882.0
2021-08-13,3.8,3.8,3.54,3.65,192495.0
2021-08-12,3.92,3.97,3.57,3.77,263071.0
2021-08-11,4.23,4.23,3.75,3.84,437945.0
2021-08-10,3.94,4.44,3.9,4.21,208398.0
2021-08-09,3.87,4.0513,3.78,3.9583,67634.0
2021-08-06,3.831,4.05,3.6983,3.95,298322.0
2021-08-05,3.65,3.8499,3.55,3.71,52975.0
2021-08-04,3.36,3.85,3.33,3.72,480124.0
2021-08-03,3.43,3.52,3.3,3.33,132314.0
2021-08-02,3.52,4.13,3.42,3.49,2526886.0
2021-07-30,3.29,3.55,3.29,3.38,66769.0
2021-07-29,3.28,3.47,3.24,3.33,127690.0
2021-07-28,3.23,3.53,3.11,3.21,344838.0
2021-07-27,3.34,3.58,3.1,3.12,199832.0
2021-07-26,3.41,3.707,3.31,3.34,226651.0
2021-07-23,3.79,3.8,3.35,3.37,263925.0
2021-07-22,4.02,4.0305,3.72,3.78,113228.0
2021-07-21,3.89,4.17,3.89,3.95,94531.0
2021-07-20,3.85,4.0,3.81,3.92,76661.0
2021-07-19,4.18,4.24,3.8001,3.81,270553.0
2021-07-16,4.39,5.09,4.2336,4.36,621738.0
2021-07-15,4.35,4.65,4.2,4.52,376949.0
2021-07-14,4.14,4.5427,4.0101,4.3,534442.0
2021-07-13,4.13,4.26,3.97,4.14,207804.0
2021-07-12,4.3,4.3964,3.96,4.04,133909.0
2021-07-09,4.26,4.76,4.2,4.23,491423.0
2021-07-08,4.01,4.42,3.95,4.37,496604.0
2021-07-07,3.86,5.2,3.7,4.44,1723123.0
2021-07-06,3.82,4.09,3.8114,3.95,389911.0
2021-07-02,3.81,4.49,3.7,3.99,1806482.0
2021-07-01,3.76,3.9699,3.6501,3.74,20075.0
2021-06-30,3.83,3.84,3.6038,3.78,30459.0
2021-06-29,3.95,4.01,3.825,3.83,27534.0
2021-06-28,4.25,4.25,3.85,3.9,93833.0
2021-06-25,4.04,4.25,3.955,4.08,132731.0
2021-06-24,3.89,4.0295,3.865,4.01,20977.0
2021-06-23,3.94,3.99,3.801,3.93,99728.0
2021-06-22,3.92,4.2,3.8102,3.99,366387.0
2021-06-21,3.99,4.04,3.83,3.83,30702.0
2021-06-18,4.05,4.2629,3.91,4.02,37266.0
2021-06-17,4.31,4.43,4.01,4.12,104610.0
2021-06-16,4.3,4.4834,4.11,4.36,143844.0
2021-06-15,4.35,4.4,4.13,4.19,160683.0
2021-06-14,4.0,4.5,3.99,4.43,384771.0
2021-06-11,4.08,4.27,3.88,4.01,288405.0
2021-06-10,3.99,4.0909,3.83,3.83,136319.0
2021-06-09,4.26,5.5652,3.95,4.1,1850376.0
2021-06-08,4.0,4.3,3.75,4.1,715730.0
2021-06-07,3.43,4.94,3.36,4.05,4205494.0
2021-06-04,3.33,3.5,3.21,3.37,153909.0
2021-06-03,3.35,3.45,3.22,3.25,51838.0
2021-06-02,3.23,3.39,3.07,3.25,282437.0
2021-06-01,3.3097,3.45,3.07,3.3,89118.0
2021-05-28,3.2,3.47,3.135,3.3,349934.0
2021-05-27,3.24,3.3093,3.15,3.22,90656.0
2021-05-26,3.22,3.3993,3.1001,3.27,80253.0
2021-05-25,3.2,3.265,3.01,3.13,88539.0
2021-05-24,3.51,3.6,3.195,3.2,71411.0
2021-05-21,3.55,3.6599,3.3401,3.49,240756.0
2021-05-20,3.21,3.55,3.18,3.45,119847.0
2021-05-19,3.15,3.36,3.09,3.17,210154.0
2021-05-18,3.06,3.35,3.06,3.16,179541.0
2021-05-17,2.88,3.58,2.88,3.09,685814.0
2021-05-14,2.88,3.1608,2.76,3.0,337608.0
2021-05-13,3.27,3.27,2.76,2.82,212156.0
2021-05-12,3.26,3.38,3.1,3.18,56329.0
2021-05-11,3.18,3.4,3.11,3.17,199583.0
2021-05-10,3.22,3.48,3.04,3.28,284853.0
2021-05-07,3.12,3.6,3.04,3.23,268409.0
2021-05-06,3.46,3.58,3.02,3.21,683117.0
2021-05-05,2.95,3.62,2.95,3.55,1165064.0
2021-05-04,2.85,2.9,2.72,2.82,394252.0
2021-05-03,2.81,2.91,2.69,2.83,444148.0
2021-04-30,2.74,2.96,2.725,2.82,330572.0
2021-04-29,2.88,2.9,2.7,2.81,237948.0
2021-04-28,2.76,2.99,2.72,2.86,290252.0
2021-04-27,2.84,3.22,2.76,2.87,903754.0
2021-04-26,2.84,2.86,2.71,2.77,110361.0
2021-04-23,2.68,2.91,2.63,2.815,306889.0
2021-04-22,2.67,3.0,2.6,2.69,435524.0
2021-04-21,2.43,2.65,2.33,2.55,172016.0
2021-04-20,2.73,2.84,2.42,2.45,231078.0
2021-04-19,2.98,3.3199,2.62,2.72,946307.0
2021-04-16,2.61,3.35,2.61,2.87,1264319.0
2021-04-15,3.05,3.06,2.55,2.61,388334.0
2021-04-14,3.19,3.55,3.01,3.06,311257.0
2021-04-13,3.5,3.65,3.11,3.19,324315.0
2021-04-12,3.64,4.35,3.51,3.53,1762600.0
2021-04-09,3.75,3.75,3.52,3.54,69457.0
2021-04-08,3.75,3.79,3.6046,3.71,105482.0
2021-04-07,3.8,4.0,3.56,3.75,396149.0
2021-04-06,3.6,3.8,3.6,3.66,125414.0
2021-04-05,3.63,4.46,3.5159,3.71,471015.0
2021-04-01,3.36,3.69,3.295,3.59,209935.0
2021-03-31,3.36,3.5267,3.17,3.29,113493.0
2021-03-30,3.46,3.77,3.32,3.37,150341.0
2021-03-29,4.38,5.49,3.65,3.69,1604576.0
2021-03-26,4.71,4.78,4.1938,4.35,281428.0
2021-03-25,3.99,4.8,3.71,4.74,662816.0
2021-03-24,3.54,3.98,3.46,3.61,615693.0
2021-03-23,3.5001,3.8699,3.47,3.6,160807.0
2021-03-22,3.55,3.9899,3.55,3.65,192173.0
2021-03-19,3.84,4.0,3.67,3.67,42277.0
2021-03-18,4.03,4.15,3.76,3.95,185598.0
2021-03-17,3.66,4.16,3.46,4.02,165185.0
2021-03-16,3.98,3.98,3.5301,3.7,69296.0
2021-03-15,3.59,3.99,3.54,3.96,265493.0
2021-03-12,3.49,3.68,3.4207,3.56,72782.0
2021-03-11,3.49,3.69,3.37,3.55,137198.0
2021-03-10,3.35,3.6,3.3127,3.49,174181.0
2021-03-09,3.17,3.6699,3.13,3.35,327954.0
2021-03-08,3.06,3.4,3.06,3.08,73420.0
2021-03-05,3.26,3.26,2.9,3.09,65216.0
2021-03-04,3.62,3.62,3.08,3.31,116375.0
2021-03-03,3.87,4.1841,3.64,3.66,65942.0
2021-03-02,4.14,4.32,3.75,3.93,59981.0
2021-03-01,4.03,4.1818,3.86,4.14,36775.0
2021-02-26,3.7135,4.4,3.71,3.94,225439.0
2021-02-25,4.27,4.4001,3.82,3.93,80201.0
2021-02-24,4.32,4.5,4.32,4.33,43712.0
2021-02-23,4.86,4.93,4.05,4.33,250632.0
2021-02-22,4.87,5.535,4.87,5.09,360869.0
2021-02-19,4.91,5.225,4.8,4.82,274625.0
2021-02-18,4.9,5.05,4.6901,4.85,210070.0
2021-02-17,5.01,5.1,4.85,4.98,108857.0
2021-02-16,4.93,5.2223,4.82,5.13,353838.0
2021-02-12,5.01,5.1199,4.82,5.0,261315.0
2021-02-11,5.01,5.74,4.765,5.01,1170766.0
2021-02-10,5.09,5.15,4.6301,4.91,353491.0
2021-02-09,4.62,5.43,4.5584,5.0,459238.0
2021-02-08,4.74,4.8488,4.34,4.65,377270.0
2021-02-05,4.7,5.37,4.4201,4.77,987567.0
2021-02-04,4.19,4.99,4.19,4.62,562472.0
2021-02-03,3.99,4.6,3.99,4.36,585481.0
2021-02-02,3.89,4.45,3.7,3.99,353376.0
2021-02-01,3.9,4.05,3.82,3.87,141294.0
2021-01-29,3.51,5.83,3.51,3.96,2056943.0
2021-01-28,4.03,4.47,3.5,3.5,333569.0
2021-01-27,3.37,4.16,3.17,4.16,576964.0
2021-01-26,3.35,3.5069,3.25,3.31,94620.0
2021-01-25,3.39,3.5799,3.31,3.31,66474.0
2021-01-22,3.3,3.68,3.2274,3.37,133112.0
2021-01-21,3.48,3.5,3.21,3.35,166760.0
2021-01-20,3.27,3.47,3.09,3.44,225108.0
2021-01-19,3.24,3.305,3.13,3.1825,49133.0
2021-01-15,3.16,3.35,3.05,3.17,89527.0
2021-01-14,3.28,3.45,3.2427,3.37,33528.0
2021-01-13,3.55,3.5699,3.25,3.32,56600.0
2021-01-12,3.24,3.58,3.2287,3.5,134472.0
2021-01-11,3.11,3.4199,3.1,3.2,82294.0
2021-01-08,3.21,3.21,3.0601,3.16,75804.0
2021-01-07,3.05,3.6,3.05,3.24,447144.0
2021-01-06,3.01,3.15,2.9779,3.0,70766.0
2021-01-05,2.94,3.19,2.87,2.995,173345.0
2021-01-04,2.99,2.99,2.85,2.92,33091.0
2020-12-31,2.96,3.08,2.88,2.94,63933.0
2020-12-30,2.99,3.2,2.86,2.89,171070.0
2020-12-29,2.83,3.04,2.77,2.98,237140.0
2020-12-28,2.7,3.75,2.7,2.77,1016268.0
2020-12-24,2.81,2.96,2.7,2.73,30678.0
2020-12-23,2.85,2.9,2.75,2.86,49121.0
2020-12-22,2.75,3.06,2.75,2.85,306118.0
2020-12-21,2.64,3.25,2.6101,2.83,743389.0
2020-12-18,2.78,2.78,2.62,2.64,27371.0
2020-12-17,2.65,2.71,2.63,2.64,31649.0
2020-12-16,2.65,2.67,2.6,2.63,54006.0
2020-12-15,2.65,2.67,2.6,2.61,41102.0
2020-12-14,2.81,2.83,2.61,2.61,44631.0
2020-12-11,2.87,2.88,2.74,2.74,34218.0
2020-12-10,2.75,2.91,2.72,2.84,46765.0
2020-12-09,2.81,2.85,2.75,2.75,44083.0
2020-12-08,2.69,2.83,2.69,2.79,80677.0
2020-12-07,2.84,2.9565,2.66,2.73,148448.0
2020-12-04,2.88,2.9865,2.73,2.82,284319.0
2020-12-03,3.12,3.6,2.8114,3.2,4730622.0
2020-12-02,2.68,2.8101,2.67,2.75,283573.0
2020-12-01,2.56,2.72,2.56,2.7,52840.0
2020-11-30,2.5,2.6695,2.46,2.59,96179.0
2020-11-27,2.68,2.8,2.46,2.55,139737.0
2020-11-25,2.79,3.05,2.63,2.84,329333.0
2020-11-24,2.6,2.85,2.42,2.6,242915.0
2020-11-23,2.32,2.89,2.32,2.56,449204.0
2020-11-20,2.29,2.42,2.29,2.37,40958.0
2020-11-19,2.3868,2.4544,2.2801,2.3,66808.0
2020-11-18,2.38,2.54,2.34,2.34,234792.0
2020-11-17,2.22,2.55,2.19,2.43,591168.0
2020-11-16,2.13,2.24,2.09,2.19,99889.0
2020-11-13,2.11,2.22,2.08,2.16,104460.0
2020-11-12,2.08,2.19,2.05,2.11,173383.0
2020-11-11,2.4,2.68,2.13,2.25,1136490.0
2020-11-10,2.1,2.36,2.08,2.35,781186.0
2020-11-09,2.1,2.25,2.05,2.14,149526.0
2020-11-06,2.15,2.1885,2.01,2.07,211710.0
2020-11-05,2.21,3.535,2.07,2.22,2516208.0
2020-11-04,2.07,2.35,2.06,2.24,94299.0
2020-11-03,2.14,2.3,2.03,2.05,38346.0
2020-11-02,2.35,2.5,2.0,2.0,118633.0
2020-10-30,2.15,2.4,2.15,2.22,83639.0
2020-10-29,2.28,2.49,2.15,2.19,63725.0
2020-10-28,2.46,2.5465,2.29,2.33,116668.0
2020-10-27,2.67,2.955,2.4,2.41,369616.0
2020-10-26,2.95,2.99,2.58,2.82,326911.0
2020-10-23,2.91,3.5,2.85,3.26,944795.0
2020-10-22,2.83,4.3,2.58,3.91,16471113.0
2020-10-21,2.36,2.59,2.35,2.45,1067177.0
2020-10-20,2.4,2.47,2.3207,2.38,79823.0
2020-10-19,2.33,2.7,2.3,2.37,358430.0
2020-10-16,2.185,2.4699,2.16,2.32,113184.0
2020-10-15,2.12,2.3,2.04,2.1505,64840.0
2020-10-14,2.1,2.2139,2.02,2.13,18691.0
2020-10-13,2.1,2.34,2.04,2.16,174056.0
2020-10-12,1.99,2.25,1.99,2.2,133084.0
2020-10-09,2.0999,2.1,1.865,2.02,33788.0
2020-10-08,2.1,2.185,2.01,2.1,23298.0
2020-10-07,2.02,2.07,1.97,2.07,21378.0
2020-10-06,1.87,2.05,1.8601,1.99,20384.0
2020-10-05,1.98,1.98,1.86,1.94,18372.0
2020-10-02,1.9,1.9167,1.78,1.91,20857.0
2020-10-01,1.9199,2.04,1.895,1.93,17376.0
2020-09-30,1.92,1.93,1.87,1.885,7545.0
2020-09-29,1.8235,1.97,1.7701,1.91,55099.0
2020-09-28,1.81,1.94,1.81,1.86,15240.0
2020-09-25,1.75,1.86,1.75,1.8055,14660.0
2020-09-24,1.66,1.785,1.65,1.75,31815.0
2020-09-23,1.74,1.75,1.65,1.65,15877.0
2020-09-22,1.76,1.81,1.72,1.72,8938.0
2020-09-21,1.8,1.8,1.7495,1.7495,8802.0
2020-09-18,1.84,1.85,1.8,1.8,3781.0
2020-09-17,1.78,1.82,1.78,1.81,4972.0
2020-09-16,1.84,1.904,1.78,1.78,14159.0
2020-09-15,1.8807,1.92,1.81,1.81,18466.0
2020-09-14,1.88,1.98,1.85,1.93,18703.0
2020-09-11,1.76,1.94,1.71,1.89,56878.0
2020-09-10,1.865,1.9,1.76,1.79,8862.0
2020-09-09,1.92,1.93,1.8,1.89,11302.0
2020-09-08,1.82,1.92,1.65,1.9,49875.0
2020-09-04,1.88,1.88,1.7,1.7,46191.0
2020-09-03,1.98,2.025,1.82,1.9,17683.0
2020-09-02,1.97,2.08,1.9501,2.02,20500.0
2020-09-01,2.01,2.07,1.81,1.97,116785.0
2020-08-31,2.09,2.09,2.01,2.0477,5999.0
2020-08-28,2.0702,2.11,2.05,2.05,10459.0
2020-08-27,2.08,2.11,2.04,2.07,11275.0
2020-08-26,2.11,2.125,2.03,2.1,14503.0
2020-08-25,2.134,2.18,2.1,2.1,27889.0
2020-08-24,2.32,2.32,2.14,2.14,21322.0
2020-08-21,2.27,2.32,2.11,2.24,36746.0
2020-08-20,2.21,2.36,2.21,2.34,22002.0
2020-08-19,2.43,2.47,2.22,2.25,71169.0
2020-08-18,2.5,2.5,2.43,2.43,12575.0
2020-08-17,2.57,2.7299,2.47,2.48,60322.0
2020-08-14,2.4303,2.57,2.43,2.55,110862.0
2020-08-13,2.47,2.51,2.415,2.45,10834.0
2020-08-12,2.53,2.53,2.4073,2.45,12767.0
2020-08-11,2.59,2.59,2.45,2.45,10406.0
2020-08-10,2.51,2.57,2.4201,2.55,22042.0
2020-08-07,2.46,2.56,2.4001,2.46,52081.0
2020-08-06,2.365,2.464,2.33,2.43,44585.0
2020-08-05,2.38,2.4,2.3301,2.3301,16043.0
2020-08-04,2.36,2.45,2.31,2.38,41489.0
2020-08-03,2.38,2.4799,2.28,2.28,94755.0
2020-07-31,2.425,2.46,2.35,2.43,16812.0
2020-07-30,2.35,2.48,2.33,2.47,19052.0
2020-07-29,2.31,2.65,2.31,2.37,228658.0
2020-07-28,2.37,2.4,2.3,2.34,22329.0
2020-07-27,2.39,2.42,2.3,2.36,40443.0
2020-07-24,2.45,2.45,2.3,2.3,15226.0
2020-07-23,2.44,2.44,2.33,2.34,24282.0
2020-07-22,2.37,2.45,2.32,2.415,41026.0
2020-07-21,2.33,2.49,2.33,2.35,45504.0
2020-07-20,2.36,2.42,2.31,2.31,41157.0
2020-07-17,2.45,2.54,2.36,2.41,23900.0
2020-07-16,2.34,2.47,2.34,2.39,35100.0
2020-07-15,2.38,2.49,2.32,2.38,74700.0
2020-07-14,2.58,2.65,2.38,2.48,76600.0
2020-07-13,2.49,2.71,2.31,2.59,119800.0
2020-07-10,2.37,2.57,2.26,2.43,171200.0
2020-07-09,2.45,2.52,2.38,2.42,38300.0
2020-07-08,2.36,2.54,2.34,2.46,19600.0
2020-07-07,2.3,2.6,2.27,2.4,130500.0
2020-07-06,2.45,2.49,2.2,2.31,52600.0
2020-07-02,2.42,2.54,2.34,2.35,47100.0
2020-07-01,2.4,2.53,2.27,2.42,38700.0
2020-06-30,2.26,2.53,2.21,2.4,96700.0
2020-06-29,2.19,2.38,2.18,2.28,85500.0
2020-06-26,2.33,2.44,2.17,2.37,167057.0
2020-06-25,2.64,2.6613,2.32,2.51,199096.0
2020-06-24,2.77,2.97,2.44,2.8,2579340.0
2020-06-23,2.27,2.4,2.21,2.35,242766.0
2020-06-22,2.3,2.5159,2.15,2.17,249851.0
2020-06-19,2.2,2.52,2.14,2.43,90541.0
2020-06-18,2.1,2.34,2.07,2.16,85492.0
2020-06-17,2.33,2.35,2.17,2.21,138997.0
2020-06-16,2.44,2.6,2.35,2.45,162623.0
2020-06-15,2.45,2.588,2.23,2.58,358799.0
2020-06-12,4.44,4.45,2.46,2.89,9988052.0
2020-06-11,1.98,2.37,1.9,2.2,416921.0
2020-06-10,1.9,2.12,1.75,1.9,148180.0
2020-06-09,1.94,2.69,1.8638,1.9,420011.0
2020-06-08,1.83,2.2035,1.82,2.05,135661.0
2020-06-05,1.79,1.95,1.7,1.93,49807.0
2020-06-04,1.68,1.94,1.67,1.78,82099.0
2020-06-03,1.735,1.75,1.66,1.71,23590.0
2020-06-02,1.6702,1.7,1.67,1.7,4797.0
2020-06-01,1.71,1.74,1.66,1.69,4032.0
2020-05-29,1.75,1.77,1.66,1.77,28739.0
2020-05-28,1.85,1.85,1.78,1.8018,20275.0
2020-05-27,1.725,1.85,1.69,1.81,40552.0
2020-05-26,1.73,1.75,1.65,1.67,38313.0
2020-05-22,1.65,1.7463,1.65,1.66,7339.0
2020-05-21,1.67,1.8,1.66,1.6683,33708.0
2020-05-20,1.62,1.8998,1.59,1.75,81341.0
2020-05-19,1.7,1.73,1.58,1.62,11640.0
2020-05-18,1.69,1.7,1.64,1.66,5447.0
2020-05-15,1.68,1.83,1.62,1.6899,17363.0
2020-05-14,1.75,1.75,1.67,1.68,8411.0
2020-05-13,1.8,1.8,1.7,1.71,11614.0
2020-05-12,1.92,1.92,1.76,1.8164,16897.0
2020-05-11,1.9,1.9,1.71,1.83,23028.0
2020-05-08,1.75,2.0,1.68,1.84,86831.0
2020-05-07,1.76,1.7847,1.75,1.757,3827.0
2020-05-06,1.82,1.875,1.75,1.76,12993.0
2020-05-05,1.75,1.99,1.69,1.82,130890.0
2020-05-04,1.703,1.88,1.61,1.79,69067.0
2020-05-01,1.69,1.8399,1.64,1.66,4954.0
2020-04-30,1.77,1.77,1.64,1.68,21085.0
2020-04-29,1.784,1.88,1.78,1.81,8699.0
2020-04-28,1.84,1.89,1.6,1.765,37333.0
2020-04-27,1.91,2.04,1.8309,1.85,173446.0
2020-04-24,1.64,2.0595,1.58,1.75,187914.0
2020-04-23,1.53,1.66,1.49,1.57,33489.0
2020-04-22,1.69,1.69,1.51,1.5652,56226.0
2020-04-21,1.78,2.49,1.4697,1.64,680654.0
2020-04-20,1.65,1.81,1.6001,1.64,9971.0
2020-04-17,1.59,1.6,1.58,1.6,6297.0
2020-04-16,1.7598,1.7598,1.45,1.59,31468.0
2020-04-15,1.6982,2.08,1.6897,1.74,147520.0
2020-04-14,1.47,1.79,1.43,1.62,36352.0
2020-04-13,1.4901,1.5355,1.42,1.49,11371.0
2020-04-09,1.418,1.76,1.418,1.57,27487.0
2020-04-08,1.48,1.68,1.48,1.5,23331.0
2020-04-07,1.4401,1.5681,1.4401,1.4972,3640.0
2020-04-06,1.43,1.4971,1.37,1.4971,10862.0
2020-04-03,1.51,1.59,1.32,1.35,48480.0
2020-04-02,1.52,1.61,1.44,1.55,10138.0
2020-04-01,1.65,1.65,1.51,1.63,2257.0
2020-03-31,1.6,1.88,1.55,1.6,38053.0
2020-03-30,1.5,1.6865,1.5,1.57,15910.0
2020-03-27,1.6,1.61,1.44,1.48,8632.0
2020-03-26,1.48,1.65,1.4,1.55,41811.0
2020-03-25,1.4,1.435,1.23,1.41,9212.0
2020-03-24,1.46,1.46,1.3147,1.44,3380.0
2020-03-23,1.3,1.48,1.3,1.47,3011.0
2020-03-20,1.44,1.49,1.2,1.3,16419.0
2020-03-19,1.41,1.6,1.371,1.5,27062.0
2020-03-18,1.28,1.43,1.27,1.31,48669.0
2020-03-17,1.24,1.5,1.2,1.4,120714.0
2020-03-16,1.88,2.11,0.95,1.22,565180.0
2020-03-13,2.16,2.3296,2.0,2.28,51960.0
2020-03-12,1.71,2.23,1.71,2.23,106681.0
2020-03-11,1.6499,3.23,1.56,1.93,2393930.0
2020-03-10,1.54,1.66,1.47,1.59,27631.0
2020-03-09,1.62,1.6632,1.5001,1.51,35942.0
2020-03-06,1.69,1.75,1.63,1.71,22788.0
2020-03-05,1.7,1.78,1.68,1.703,6996.0
2020-03-04,1.71,1.84,1.66,1.8,33772.0
2020-03-03,1.7,2.12,1.62,1.71,247166.0
2020-03-02,1.65,1.7336,1.61,1.66,47894.0
2020-02-28,1.82,1.8797,1.67,1.67,32491.0
2020-02-27,1.96,1.97,1.85,1.89,44050.0
2020-02-26,2.0,2.065,1.95,1.95,50970.0
2020-02-25,2.12,2.18,2.02,2.07,28866.0
2020-02-24,2.02,2.12,2.01,2.08,18056.0
2020-02-21,2.14,2.1491,2.01,2.14,42042.0
2020-02-20,2.04,2.2,1.9888,2.09,127708.0
2020-02-19,2.155,3.99,1.98,2.05,3043566.0
2020-02-18,1.93,2.22,1.92,2.2,118891.0
2020-02-14,1.95,2.03,1.9073,1.97,42988.0
2020-02-13,2.38,2.88,1.8,1.94,439885.0
2020-02-12,1.989,2.39,1.9855,2.34,116024.0
2020-02-11,1.965,1.965,1.94,1.94,2655.0
2020-02-10,2.0288,2.0288,1.95,1.9539,13144.0
2020-02-07,2.0,2.05,1.9941,2.0,11073.0
2020-02-06,2.1,2.1,2.0301,2.0301,1229.0
2020-02-05,2.05,2.1241,1.985,1.985,15405.0
2020-02-04,1.9738,2.1,1.97,2.08,13335.0
2020-02-03,1.99,2.05,1.9793,2.0007,9163.0
2020-01-31,1.9673,2.08,1.9673,2.03,9409.0
2020-01-30,2.02,2.09,1.99,1.995,27868.0
2020-01-29,2.0979,2.13,2.03,2.0603,9970.0
2020-01-28,2.167,2.18,2.11,2.1413,587.0
2020-01-27,2.2001,2.24,2.15,2.1898,4845.0
2020-01-24,2.34,2.34,2.15,2.2,15380.0
2020-01-23,2.37,2.37,2.2,2.29,12095.0
2020-01-22,2.37,2.37,2.18,2.26,25304.0
2020-01-21,2.29,2.36,2.26,2.3,8702.0
2020-01-17,2.25,2.4,2.25,2.3404,21732.0
2020-01-16,2.29,2.3519,2.2201,2.32,2778.0
2020-01-15,2.2628,2.6353,2.2,2.3303,76083.0
2020-01-14,2.55,2.55,2.15,2.18,57672.0
2020-01-13,2.25,2.69,2.15,2.5531,73524.0
2020-01-10,2.15,2.27,2.0297,2.2012,48854.0
2020-01-09,2.03,2.14,1.97,2.12,14070.0
2020-01-08,2.08,2.1579,1.93,2.1,11603.0
2020-01-07,2.18,2.19,2.1,2.13,4109.0
2020-01-06,2.04,2.08,2.0,2.02,2197.0
2020-01-03,2.02,2.09,1.8901,2.05,13974.0
2020-01-02,2.0,2.23,2.0,2.0987,5683.0
2019-12-31,2.08,2.09,1.9786,1.9786,16945.0
2019-12-30,2.03,2.18,2.03,2.135,7692.0
2019-12-27,2.0602,2.1,2.0602,2.1,4856.0
2019-12-26,2.05,2.135,2.05,2.1,2933.0
2019-12-24,2.06,2.15,2.03,2.15,9955.0
2019-12-23,2.2,2.2045,2.03,2.15,5115.0
2019-12-20,2.08,2.19,2.0,2.12,12861.0
2019-12-19,2.0701,2.24,2.0701,2.1701,8668.0
2019-12-18,2.125,2.3,2.11,2.3,3891.0
2019-12-17,2.17,2.17,2.03,2.1096,20984.0
2019-12-16,2.18,2.18,2.0901,2.1,6100.0
2019-12-13,2.2248,2.36,2.06,2.0804,33615.0
2019-12-12,2.14,2.45,2.1294,2.2001,45196.0
2019-12-11,2.0663,2.11,2.0663,2.11,949.0
2019-12-10,2.168,2.17,2.045,2.11,10947.0
2019-12-09,2.04,2.1101,2.0,2.085,4899.0
2019-12-06,2.2999,2.2999,2.05,2.05,17514.0
2019-12-05,2.11,2.2,2.1,2.2,4946.0
2019-12-04,2.2,2.2299,2.0,2.2,16390.0
2019-12-03,2.21,2.3,2.1642,2.24,11979.0
2019-12-02,2.32,2.475,2.2,2.2985,53305.0
2019-11-29,2.102,2.33,2.043,2.33,68761.0
2019-11-27,2.1,2.13,1.8911,2.12,41488.0
2019-11-26,1.94,2.08,1.85,2.02,15617.0
2019-11-25,1.96,1.96,1.85,1.87,11654.0
2019-11-22,2.02,2.13,1.86,1.86,13677.0
2019-11-21,2.05,2.06,1.98,2.0,3966.0
2019-11-20,2.07,2.13,1.8894,1.9,12567.0
2019-11-19,1.9905,2.2,1.9905,2.1,10443.0
2019-11-18,2.02,2.34,2.0,2.12,29140.0
2019-11-15,2.0889,2.1,2.01,2.1,2812.0
2019-11-14,1.96,2.04,1.96,2.04,8475.0
2019-11-13,1.94,2.13,1.92,1.98,10012.0
2019-11-12,1.96,2.07,1.92,2.04,7208.0
2019-11-11,1.99,1.99,1.87,1.93,11176.0
2019-11-08,2.04,2.0744,1.96,1.96,11064.0
2019-11-07,2.05,2.0803,2.05,2.07,7932.0
2019-11-06,2.085,2.0892,2.07,2.08,4434.0
2019-11-05,2.06,2.16,2.05,2.09,10071.0
2019-11-04,2.08,2.2,2.0,2.12,26691.0
2019-11-01,2.01,2.125,1.96,1.98,17213.0
2019-10-31,2.1299,2.1299,1.96,2.01,18358.0
2019-10-30,2.13,2.15,1.97,1.97,12422.0
2019-10-29,2.16,2.16,2.0,2.06,7099.0
2019-10-28,2.22,2.22,2.15,2.21,3316.0
2019-10-25,2.2,2.2,2.11,2.16,5924.0
2019-10-24,2.18,2.19,2.0801,2.13,1126.0
2019-10-23,2.2,2.2,2.1,2.15,2910.0
2019-10-22,2.12,2.22,2.12,2.15,5775.0
2019-10-21,2.22,2.2451,2.0,2.08,14675.0
2019-10-18,2.23,2.235,2.17,2.17,1905.0
2019-10-17,2.29,2.2913,2.18,2.25,2810.0
2019-10-16,2.33,2.33,2.211,2.26,6845.0
2019-10-15,2.2864,2.68,2.26,2.32,69675.0
2019-10-14,2.22,2.35,2.11,2.23,44170.0
2019-10-11,2.18,2.22,2.1181,2.22,5065.0
2019-10-10,2.1896,2.1896,2.1896,2.1896,613.0
2019-10-09,2.2142,2.29,2.2142,2.29,806.0
2019-10-08,2.1,2.2,2.07,2.16,2650.0
2019-10-07,2.16,2.21,2.06,2.17,2913.0
2019-10-04,2.25,2.25,2.19,2.205,1605.0
2019-10-03,2.12,2.19,2.11,2.19,3702.0
2019-10-02,2.13,2.17,2.1,2.11,5672.0
2019-10-01,2.22,2.22,2.22,2.22,330.0
2019-09-30,2.2,2.3242,1.9562,2.1,27229.0
2019-09-27,2.2345,2.295,2.2,2.255,18015.0
2019-09-26,2.3,2.31,2.2,2.24,12757.0
2019-09-25,2.3216,2.4,2.31,2.34,8894.0
2019-09-24,2.29,2.305,2.27,2.3,5036.0
2019-09-23,2.31,2.35,2.18,2.2545,15444.0
2019-09-20,2.36,2.48,2.1568,2.37,26902.0
2019-09-19,2.43,2.53,2.3437,2.36,5192.0
2019-09-18,2.57,2.58,2.33,2.46,20016.0
2019-09-17,2.44,2.59,2.4001,2.57,19943.0
2019-09-16,2.527,2.68,2.51,2.63,7395.0
2019-09-13,2.63,2.66,2.45,2.63,19585.0
2019-09-12,2.7,2.7,2.5929,2.69,15903.0
2019-09-11,2.52,2.74,2.52,2.67,60641.0
2019-09-10,2.44,2.6,2.41,2.53,19355.0
2019-09-09,2.5679,2.5679,2.26,2.4001,14997.0
2019-09-06,2.55,2.62,2.42,2.6,61097.0
2019-09-05,2.45,2.63,2.341,2.5,65884.0
2019-09-04,2.39,2.49,2.3001,2.49,38605.0
2019-09-03,2.31,2.52,2.25,2.37,50146.0
2019-08-30,2.48,2.53,2.2505,2.4,50590.0
2019-08-29,2.5,2.5,2.3,2.48,32693.0
2019-08-28,2.55,2.64,2.35,2.4,63513.0
2019-08-27,3.45,3.6,2.34,2.76,1127936.0
2019-08-26,2.75,3.25,2.44,2.7,169489.0
2019-08-23,2.433,2.75,2.25,2.63,89968.0
2019-08-22,2.4885,2.4885,2.4885,2.4885,100.0
2019-08-21,2.42,2.44,2.42,2.42,4503.0
2019-08-20,2.45,2.45,2.45,2.45,0.0
2019-08-19,2.45,2.45,2.45,2.45,0.0
2019-08-16,2.35,2.45,2.35,2.45,1002.0
2019-08-15,2.33,2.3648,2.2019,2.3612,5935.0
2019-08-14,2.38,2.4884,2.32,2.3799,16600.0
2019-08-13,2.5001,2.5775,2.38,2.4367,15195.0
2019-08-12,2.53,2.615,2.5001,2.55,12219.0
2019-08-09,2.5282,2.5282,2.5282,2.5282,100.0
2019-08-08,2.4601,2.51,2.46,2.4899,3251.0
2019-08-07,2.55,2.55,2.4,2.46,850.0
2019-08-06,2.3004,2.45,2.3,2.444,5227.0
2019-08-05,2.33,2.54,2.33,2.54,8727.0
2019-08-02,2.54,2.54,2.3473,2.4416,13804.0
2019-08-01,2.549,2.6236,2.37,2.41,11838.0
2019-07-31,2.56,2.66,2.45,2.58,13497.0
2019-07-30,2.6676,2.675,2.667,2.675,1246.0
2019-07-29,2.54,2.7053,2.5326,2.6,10742.0
2019-07-26,2.7041,2.7041,2.7041,2.7041,102.0
2019-07-25,2.603,2.6607,2.603,2.6607,2964.0
2019-07-24,2.5628,2.72,2.5513,2.72,1369.0
2019-07-23,2.58,2.58,2.58,2.58,319.0
2019-07-22,2.73,2.75,2.58,2.58,4989.0
2019-07-19,2.57,2.75,2.52,2.75,3924.0
2019-07-18,2.735,2.735,2.58,2.58,1460.0
2019-07-17,2.68,2.71,2.63,2.71,628.0
2019-07-16,2.7501,2.7508,2.6553,2.7292,3621.0
2019-07-15,2.7,2.76,2.5929,2.7467,4939.0
2019-07-12,2.6923,2.7,2.63,2.63,6653.0
2019-07-11,2.6,2.7,2.55,2.7,15097.0
2019-07-10,2.5875,2.69,2.5,2.55,13764.0
2019-07-09,2.6999,2.6999,2.5,2.5,2053.0
2019-07-08,2.545,2.7,2.54,2.55,22670.0
2019-07-05,2.57,2.67,2.51,2.59,26166.0
2019-07-03,2.52,2.5823,2.52,2.55,19199.0
2019-07-02,2.53,2.55,2.4,2.49,23923.0
2019-07-01,2.46,2.5599,2.4,2.48,26852.0
2019-06-28,2.31,2.44,2.1507,2.41,9573.0
2019-06-27,2.59,2.59,2.1101,2.26,8974.0
2019-06-26,2.28,2.43,2.28,2.33,5606.0
2019-06-25,2.37,2.37,2.26,2.26,5155.0
2019-06-24,2.45,2.45,2.3,2.39,8889.0
2019-06-21,2.4179,2.46,2.2125,2.37,5720.0
2019-06-20,2.4623,2.5482,2.3581,2.37,9315.0
2019-06-19,2.35,2.57,2.35,2.45,4545.0
2019-06-18,2.38,2.576,2.31,2.35,38330.0
2019-06-17,2.5,2.5339,2.25,2.4111,24509.0
2019-06-14,2.6033,2.67,2.4191,2.49,13772.0
2019-06-13,2.5101,2.62,2.42,2.4762,32078.0
2019-06-12,2.5628,2.715,2.51,2.54,41515.0
2019-06-11,2.45,2.72,2.42,2.52,93099.0
2019-06-10,2.63,2.68,2.31,2.42,14018.0
2019-06-07,2.6,2.685,2.3886,2.47,79271.0
2019-06-06,2.35,2.6077,2.3,2.6,29515.0
2019-06-05,2.63,2.85,2.3,2.3099,122603.0
2019-06-04,2.75,2.86,2.6,2.65,59542.0
2019-06-03,3.95,4.26,2.6,2.89,620648.0
2019-05-31,3.1,3.2157,3.1,3.2157,400.0
2019-05-30,3.1,3.27,3.1,3.27,2145.0
2019-05-29,3.44,3.44,2.95,3.04,8175.0
2019-05-28,3.64,3.64,3.1,3.5358,23385.0
2019-05-24,3.66,3.66,3.66,3.66,0.0
2019-05-23,3.7,3.7,3.56,3.66,1005.0
2019-05-22,3.6,3.75,3.5801,3.75,1488.0
2019-05-21,3.5086,3.7,3.5,3.635,4601.0
2019-05-20,3.56,3.69,3.485,3.69,3925.0
2019-05-17,3.745,3.745,3.5517,3.585,5482.0
2019-05-16,3.5,3.6025,3.5,3.57,4545.0
2019-05-15,3.64,3.7,3.55,3.66,8564.0
2019-05-14,3.66,3.68,3.55,3.68,2158.0
2019-05-13,3.72,3.72,3.5778,3.68,6794.0
2019-05-10,3.81,3.95,3.6,3.87,36124.0
2019-05-09,3.81,3.9692,3.73,3.92,8761.0
2019-05-08,3.77,3.86,3.7556,3.86,3265.0
2019-05-07,3.77,3.89,3.77,3.85,2175.0
2019-05-06,3.79,3.9,3.68,3.87,16215.0
2019-05-03,3.98,4.0699,3.84,3.8475,38116.0
2019-05-02,4.04,4.05,3.8601,3.9497,21420.0
2019-05-01,4.0301,4.18,3.88,4.05,13364.0
2019-04-30,4.13,4.28,4.07,4.07,6840.0
2019-04-29,4.2,4.28,4.0701,4.28,6243.0
2019-04-26,4.0801,4.23,4.06,4.22,6540.0
2019-04-25,4.27,4.27,4.01,4.13,7622.0
2019-04-24,4.1,4.28,4.05,4.15,17450.0
2019-04-23,4.0954,4.2441,4.0211,4.16,15160.0
2019-04-22,4.11,4.19,3.9899,4.0301,10490.0
2019-04-18,4.12,4.264,3.99,4.1422,11672.0
2019-04-17,4.24,4.29,4.07,4.21,16268.0
2019-04-16,4.3,4.3,4.0901,4.22,56083.0
2019-04-15,4.12,4.51,4.06,4.29,52867.0
2019-04-12,4.38,4.38,4.0602,4.11,25072.0
2019-04-11,4.41,4.41,4.2501,4.31,9985.0
2019-04-10,4.19,4.4226,4.05,4.28,31645.0
2019-04-09,4.2,4.5889,4.0,4.27,78063.0
2019-04-08,4.1301,4.5,4.12,4.412,42396.0
2019-04-05,4.17,4.5,4.0946,4.12,33641.0
2019-04-04,3.95,4.25,3.88,4.171,129666.0
2019-04-03,3.96,4.0,3.7989,3.9,37148.0
2019-04-02,3.84,3.95,3.7401,3.95,21940.0
2019-04-01,3.86,3.98,3.67,3.73,20947.0
2019-03-29,3.9875,4.1,3.7,3.8,70365.0
2019-03-28,3.7818,4.2,3.7,3.8756,152410.0
2019-03-27,3.75,4.4184,3.55,3.75,456944.0
2019-03-26,3.52,3.8,3.52,3.7713,19839.0
2019-03-25,3.8,3.8,3.71,3.72,3647.0
2019-03-22,3.66,3.85,3.35,3.85,26956.0
2019-03-21,3.71,3.71,3.67,3.67,4786.0
2019-03-20,3.67,3.76,3.67,3.7565,3472.0
2019-03-19,3.72,3.77,3.67,3.6801,2650.0
2019-03-18,3.8399,3.8399,3.7,3.7201,9148.0
2019-03-15,3.8999,3.8999,3.7,3.8375,15251.0
2019-03-14,3.92,3.997,3.65,3.85,74678.0
2019-03-13,3.92,4.105,3.88,3.99,109688.0
2019-03-12,3.8811,3.91,3.8269,3.91,2305.0
2019-03-11,3.88,3.89,3.75,3.75,4620.0
2019-03-08,3.82,3.89,3.7724,3.7841,4120.0
2019-03-07,3.84,3.9,3.75,3.9,16679.0
2019-03-06,3.943,4.0,3.843,3.86,13772.0
2019-03-05,4.02,4.1,3.77,4.0,39464.0
2019-03-04,3.91,4.0,3.74,3.99,16950.0
2019-03-01,3.88,3.88,3.6817,3.78,13763.0
2019-02-28,3.69,3.94,3.69,3.8,5897.0
2019-02-27,3.9,4.03,3.82,3.95,16424.0
2019-02-26,3.93,4.02,3.81,3.91,17324.0
2019-02-25,3.97,4.21,3.92,4.0,60374.0
2019-02-22,3.9,4.03,3.8771,3.98,19784.0
2019-02-21,3.9,3.98,3.84,3.94,7700.0
2019-02-20,3.88,3.97,3.88,3.89,781.0
2019-02-19,3.89,4.1899,3.75,3.86,16278.0
2019-02-15,3.85,3.89,3.67,3.67,7048.0
2019-02-14,3.927,3.927,3.6701,3.7615,15427.0
2019-02-13,3.8793,4.0494,3.8601,3.9,13299.0
2019-02-12,3.94,4.55,3.8,3.86,153436.0
2019-02-11,3.99,4.1,3.8,3.955,25225.0
2019-02-08,4.12,4.12,3.97,4.0,2279.0
2019-02-07,3.75,3.9,3.73,3.9,4467.0
2019-02-06,3.9375,4.01,3.8,3.92,4962.0
2019-02-05,3.74,3.88,3.71,3.88,8932.0
2019-02-04,3.5,3.82,3.5,3.82,4150.0
2019-02-01,3.82,4.04,3.71,3.71,57467.0
2019-01-31,3.88,4.0,3.7856,3.88,6360.0
2019-01-30,3.65,3.95,3.65,3.71,19952.0
2019-01-29,3.86,3.86,3.66,3.66,3874.0
2019-01-28,3.89,3.89,3.49,3.71,3720.0
2019-01-25,3.51,3.7,3.51,3.7,2265.0
2019-01-24,3.52,3.6,3.5,3.5,4180.0
2019-01-23,3.11,3.66,3.11,3.58,13822.0
2019-01-22,4.37,4.93,3.43,3.51,450129.0
2019-01-18,3.72,3.72,3.5921,3.6999,5274.0
2019-01-17,3.5101,3.7699,3.5101,3.7622,7371.0
2019-01-16,3.9127,3.9127,3.61,3.6873,8320.0
2019-01-15,4.06,4.06,3.79,3.79,469.0
2019-01-14,3.94,4.34,3.76,3.85,30813.0
2019-01-11,3.8,3.98,3.8,3.9799,6778.0
2019-01-10,3.85,3.9043,3.6309,3.6705,6567.0
2019-01-09,3.79,4.056,3.6247,3.9913,17023.0
2019-01-08,3.4382,3.79,3.4382,3.78,16251.0
2019-01-07,3.09,3.41,3.09,3.38,15916.0
2019-01-04,3.08,3.2,3.0427,3.13,10151.0
2019-01-03,3.01,3.15,2.82,3.06,6330.0
2019-01-02,2.97,3.12,2.84,2.98,40400.0
2018-12-31,2.9594,2.9594,2.9594,2.9594,638.0
2018-12-28,2.89,3.0175,2.88,2.88,7782.0
2018-12-27,2.64,2.9364,2.64,2.83,6390.0
2018-12-26,3.01,3.057,2.52,2.64,25250.0
2018-12-24,3.15,3.19,3.0,3.03,4395.0
2018-12-21,3.15,3.23,3.15,3.2,3126.0
2018-12-20,3.65,3.705,3.09,3.15,25297.0
2018-12-19,3.65,3.7134,3.6,3.61,2300.0
2018-12-18,3.67,3.84,3.5501,3.63,11010.0
2018-12-17,3.61,3.67,3.6026,3.6026,987.0
2018-12-14,3.64,3.76,3.6,3.6,3792.0
2018-12-13,3.7149,3.7149,3.7149,3.7149,500.0
2018-12-12,3.8317,3.8317,3.7817,3.8,2309.0
2018-12-11,3.88,3.88,3.77,3.87,1278.0
2018-12-10,3.7185,3.7185,3.7185,3.7185,100.0
2018-12-07,3.8,3.8,3.74,3.74,300.0
2018-12-06,3.77,3.7876,3.56,3.78,4400.0
2018-12-04,3.78,3.9899,3.78,3.9899,1167.0
2018-12-03,3.85,4.0201,3.73,3.76,10348.0
2018-11-30,3.69,3.839,3.69,3.839,5802.0
2018-11-29,3.83,3.89,3.75,3.88,5250.0
2018-11-28,3.8703,3.9046,3.72,3.77,10470.0
2018-11-27,3.849,3.9283,3.849,3.9283,642.0
2018-11-26,3.84,3.92,3.76,3.8996,1856.0
2018-11-23,3.72,3.75,3.72,3.75,843.0
2018-11-21,3.99,4.0763,3.7889,3.8492,17668.0
2018-11-20,4.06,4.06,3.95,3.97,7649.0
2018-11-19,4.1249,4.15,4.04,4.15,3615.0
2018-11-16,4.32,4.43,4.19,4.24,15122.0
2018-11-15,4.14,4.49,4.1283,4.3,47326.0
2018-11-14,3.97,4.1827,3.9654,4.18,7622.0
2018-11-13,4.05,4.1489,3.97,3.97,13185.0
2018-11-12,4.07,4.07,3.95,3.99,16970.0
2018-11-09,4.1404,4.15,4.12,4.12,5825.0
2018-11-08,4.2,4.2713,4.06,4.09,17952.0
2018-11-07,4.24,4.3,4.2,4.29,5486.0
2018-11-06,4.3526,4.3526,4.16,4.16,49505.0
2018-11-05,4.0,4.14,3.9,4.11,3165.0
2018-11-02,4.1,4.65,3.85,4.1,95314.0
2018-11-01,3.9,4.1,3.84,4.06,32844.0
2018-10-31,3.86,4.05,3.83,3.83,26118.0
2018-10-30,3.75,3.899,3.75,3.76,8651.0
2018-10-29,3.8,4.08,3.8,3.84,22209.0
2018-10-26,3.6,3.9699,3.59,3.72,68208.0
2018-10-25,3.7091,3.7091,3.5701,3.5894,9125.0
2018-10-24,3.8312,3.8312,3.5301,3.58,28093.0
2018-10-23,3.8,3.8,3.59,3.67,44213.0
2018-10-22,3.83,3.92,3.67,3.88,31322.0
2018-10-19,4.02,5.0,3.7,3.76,565000.0
2018-10-18,3.8,4.25,3.75,3.88,111743.0
2018-10-17,3.65,4.6,3.65,3.69,315000.0
2018-10-16,3.77,3.8,3.55,3.57,24678.0
2018-10-15,3.64,3.68,3.5784,3.6,7736.0
2018-10-12,3.6,3.75,3.525,3.655,4126.0
2018-10-11,3.61,3.762,3.5,3.59,7416.0
2018-10-10,3.73,3.81,3.6,3.61,16627.0
2018-10-09,3.83,3.86,3.76,3.76,3515.0
2018-10-08,3.8305,3.875,3.72,3.72,14210.0
2018-10-05,3.97,3.97,3.8101,3.82,3895.0
2018-10-04,3.82,4.11,3.82,3.8625,25262.0
2018-10-03,3.84,3.87,3.8,3.82,4555.0
2018-10-02,3.7788,3.9222,3.761,3.8,9018.0
2018-10-01,3.9,3.9799,3.73,3.76,28608.0
2018-09-28,3.95,4.0985,3.79,3.93,18062.0
2018-09-27,4.01,4.08,3.89,3.96,7300.0
2018-09-26,4.17,4.17,4.04,4.04,1478.0
2018-09-25,3.95,4.3,3.9078,4.2,40170.0
2018-09-24,4.08,4.2042,3.9,3.994,3817.0
2018-09-21,4.43,4.43,4.01,4.09,44840.0
2018-09-20,4.2,4.9,4.1,4.35,278656.0
2018-09-19,4.0,4.2577,3.99,4.07,93700.0
2018-09-18,3.83,4.07,3.8,3.87,86929.0
2018-09-17,3.85,3.9,3.67,3.85,41911.0
2018-09-14,4.0,4.0,3.73,3.7986,132684.0
2018-09-13,4.0,4.3,3.675,3.77,639707.0
2018-09-12,3.5,4.0,3.5,3.66,218914.0
2018-09-11,3.51,3.7979,3.25,3.5,74255.0
2018-09-10,3.72,3.7975,3.51,3.54,72138.0
2018-09-07,3.86,4.1,3.67,3.74,485415.0
2018-09-06,3.86,3.9898,3.81,3.91,34375.0
2018-09-05,3.7,4.25,3.7,3.88,179419.0
2018-09-04,3.78,3.79,3.69,3.72,7864.0
2018-08-31,3.72,3.7489,3.6986,3.7489,2946.0
2018-08-30,3.76,3.84,3.73,3.7559,2676.0
2018-08-29,3.85,3.915,3.75,3.76,22089.0
2018-08-28,3.93,3.93,3.8,3.89,8927.0
2018-08-27,3.91,3.9995,3.87,3.93,10704.0
2018-08-24,3.89,4.0,3.8,3.905,50748.0
2018-08-23,4.0,4.02,3.88,3.9,11589.0
2018-08-22,4.12,4.12,4.0,4.03,11512.0
2018-08-21,4.05,4.19,3.8803,4.14,28826.0
2018-08-20,4.15,4.21,3.85,4.0599,36663.0
2018-08-17,4.11,4.15,3.9,4.01,30058.0
2018-08-16,3.66,4.79,3.61,4.15,113144.0
2018-08-15,3.74,3.759,3.5678,3.66,40181.0
2018-08-14,3.8,3.95,3.72,3.79,14821.0
2018-08-13,4.0,4.0751,3.6077,3.84,89554.0
2018-08-10,4.03,4.36,4.0,4.0,173055.0
2018-08-09,7.86,7.95,4.41,4.435,4027575.0
2018-08-08,4.65,5.18,4.611,5.15,197645.0
2018-08-07,4.7,4.7489,4.65,4.6515,6802.0
2018-08-06,4.8122,4.8122,4.7,4.75,5990.0
2018-08-03,4.67,4.75,4.5,4.7,8353.0
2018-08-02,4.8768,4.8768,4.65,4.65,16488.0
2018-08-01,4.8,4.8611,4.65,4.788,24439.0
2018-07-31,4.801,4.9344,4.801,4.86,6599.0
2018-07-30,4.84,4.928,4.8,4.83,13922.0
2018-07-27,4.97,5.06,4.815,4.85,23136.0
2018-07-26,5.03,5.06,4.8159,4.92,40651.0
2018-07-25,4.99,5.044,4.95,4.97,18554.0
2018-07-24,5.15,5.15,5.02,5.02,12527.0
2018-07-23,5.13,5.13,5.02,5.0956,8073.0
2018-07-20,4.98,5.16,4.9501,5.08,31201.0
2018-07-19,5.05,5.134,4.97,4.98,28716.0
2018-07-18,5.31,5.31,5.0427,5.05,59938.0
2018-07-17,5.3,5.419,5.16,5.38,77744.0
2018-07-16,4.95,5.449,4.94,5.29,209979.0
2018-07-13,5.0742,5.274,4.92,4.97,237690.0
2018-07-12,5.0741,5.0741,4.91,4.96,4267.0
2018-07-11,4.9,5.0286,4.88,4.94,2560.0
2018-07-10,4.97,5.15,4.91,4.91,38579.0
2018-07-09,4.91,5.05,4.9,4.9,10322.0
2018-07-06,4.9001,4.9372,4.88,4.91,10316.0
2018-07-05,4.92,5.16,4.85,4.97,63710.0
2018-07-03,4.9354,4.9354,4.85,4.9,7520.0
2018-07-02,4.9086,4.9086,4.81,4.88,12609.0
2018-06-29,4.87,5.05,4.85,4.87,22369.0
2018-06-28,4.8056,4.9,4.78,4.81,13363.0
2018-06-27,4.8,5.189,4.76,4.88,81422.0
2018-06-26,4.7336,4.859,4.71,4.71,21352.0
2018-06-25,4.71,4.85,4.71,4.72,9948.0
2018-06-22,4.85,5.14,4.731,4.76,51862.0
2018-06-21,4.89,4.91,4.81,4.8499,17907.0
2018-06-20,4.89,4.9844,4.81,4.9,10157.0
2018-06-19,5.15,5.25,4.82,4.83,104333.0
2018-06-18,5.2,5.2568,5.15,5.18,10530.0
2018-06-15,5.35,5.35,5.15,5.2,17658.0
2018-06-14,5.35,5.3797,5.27,5.27,9960.0
2018-06-13,5.24,5.55,5.24,5.33,37113.0
2018-06-12,5.22,5.37,5.2,5.26,20291.0
2018-06-11,5.32,5.32,5.151,5.1836,7019.0
2018-06-08,5.24,5.45,5.1,5.18,53205.0
2018-06-07,5.2,5.2,5.1,5.2,5767.0
2018-06-06,5.171,5.45,5.1201,5.19,31913.0
2018-06-05,5.05,5.94,4.9,5.2677,118458.0
2018-06-04,5.08,5.1548,5.0201,5.04,9480.0
2018-06-01,5.1999,5.269,5.0301,5.08,68775.0
2018-05-31,5.07,5.129,5.0,5.01,18099.0
2018-05-30,5.18,5.18,5.06,5.09,19758.0
2018-05-29,5.1668,5.1668,5.0201,5.03,34967.0
2018-05-25,5.1,5.38,5.06,5.16,85688.0
2018-05-24,5.12,5.21,4.99,5.09,51060.0
2018-05-23,5.1726,5.22,5.08,5.1595,10131.0
2018-05-22,5.2113,5.2392,5.02,5.08,60147.0
2018-05-21,5.16,5.429,5.11,5.16,22692.0
2018-05-18,5.31,5.54,5.121,5.18,100174.0
2018-05-17,5.2,5.49,5.1212,5.34,47850.0
2018-05-16,5.1,5.1436,5.06,5.1436,8694.0
2018-05-15,5.2,5.54,5.08,5.08,158546.0
2018-05-14,5.21,5.34,5.1469,5.32,25948.0
2018-05-11,5.3,5.3,5.07,5.16,8459.0
2018-05-10,5.2,5.3199,5.0853,5.15,12198.0
2018-05-09,5.47,5.6,5.01,5.2,95378.0
2018-05-08,5.1,5.61,5.001,5.49,190278.0
2018-05-07,4.83,5.24,4.65,5.0642,140851.0
2018-05-04,5.17,5.195,4.7601,4.88,94938.0
2018-05-03,4.76,5.18,4.68,4.79,188335.0
2018-05-02,4.5,4.9,4.449,4.67,104707.0
2018-05-01,4.75,4.75,4.33,4.49,82440.0
2018-04-30,4.85,4.95,4.7,4.72,27974.0
2018-04-27,5.35,6.46,4.71,4.71,648070.0
2018-04-26,5.24,5.5,5.06,5.32,109322.0
2018-04-25,4.92,5.35,4.89,5.26,70703.0
2018-04-24,4.79,5.3092,4.73,4.88,117128.0
2018-04-23,4.85,4.8589,4.601,4.77,42280.0
2018-04-20,4.9,4.9894,4.73,4.73,55578.0
2018-04-19,5.19,5.2158,4.8,4.96,101499.0
2018-04-18,5.47,5.7,5.04,5.2,161281.0
2018-04-17,5.35,8.4399,5.31,5.45,2922439.0
2018-04-16,5.31,5.359,5.05,5.25,29717.0
2018-04-13,5.39,5.77,5.1001,5.3,58743.0
2018-04-12,5.55,5.5666,5.2768,5.3085,37341.0
2018-04-11,5.16,6.0872,5.1274,5.59,165322.0
2018-04-10,5.04,6.0,4.76,5.21,207485.0
2018-04-09,4.6341,5.5187,4.6014,4.9812,134133.0
2018-04-06,4.84,4.8841,4.7,4.75,6925.0
2018-04-05,4.96,5.0,4.65,4.87,28832.0
2018-04-04,4.79,5.03,4.65,4.94,14936.0
2018-04-03,5.29,5.29,4.7952,4.85,70889.0
2018-04-02,5.39,5.39,5.0501,5.28,30925.0
2018-03-29,5.76,5.8887,5.0,5.36,55593.0
2018-03-28,6.42,7.0,5.56,5.79,270101.0
2018-03-27,6.27,6.38,6.15,6.16,17057.0
2018-03-26,6.15,6.7,6.019,6.21,62476.0
2018-03-23,5.87,6.32,5.65,6.0,58182.0
2018-03-22,6.56,6.7312,5.511,6.02,145128.0
2018-03-21,6.73,7.6999,6.51,6.64,264181.0
2018-03-20,6.26,6.819,6.2,6.5301,73459.0
2018-03-19,6.24,6.99,5.76,6.18,127634.0
2018-03-16,7.41,8.74,6.02,6.24,1018281.0
2018-03-15,5.1222,11.7,4.97,7.25,4297272.0
2018-03-14,5.18,5.3201,4.85,4.94,129037.0
2018-03-13,5.02,5.379,4.91,4.92,25502.0
2018-03-12,4.96,5.18,4.91,4.95,60067.0
2018-03-09,5.05,5.3,4.7822,4.99,76590.0
2018-03-08,5.38,5.38,5.01,5.04,18585.0
2018-03-07,5.02,5.27,4.8,5.08,49135.0
2018-03-06,5.35,5.4295,4.76,5.05,44269.0
2018-03-05,5.23,5.4295,5.23,5.29,13296.0
2018-03-02,5.15,5.44,5.05,5.25,27946.0
2018-03-01,5.07,6.8,5.01,5.29,703622.0
2018-02-28,5.77,5.77,4.97,5.0,30908.0
2018-02-27,5.5629,5.82,5.4301,5.5501,4960.0
2018-02-26,5.7201,5.96,5.1,5.51,73770.0
2018-02-23,5.8499,5.8499,5.11,5.66,24644.0
2018-02-22,5.66,6.0,5.5,5.85,34091.0
2018-02-21,5.601,6.11,5.601,5.64,65010.0
2018-02-20,5.7499,5.7499,5.4888,5.57,9619.0
2018-02-16,5.35,5.75,5.31,5.33,10868.0
2018-02-15,5.43,5.5364,5.31,5.44,8755.0
2018-02-14,5.53,6.33,5.5,5.58,110155.0
2018-02-13,4.83,5.94,4.711,5.41,108842.0
2018-02-12,4.6,4.8298,4.6,4.77,5787.0
2018-02-09,4.71,4.71,4.5901,4.61,30455.0
2018-02-08,4.7362,4.85,4.68,4.69,12706.0
2018-02-07,4.8,4.8,4.64,4.66,32034.0
2018-02-06,4.7,4.9906,4.6,4.6,53007.0
2018-02-05,4.9,4.97,4.7,4.7,32171.0
2018-02-02,4.81,5.0,4.75,4.9,38606.0
2018-02-01,5.02,5.02,4.76,4.92,18387.0
2018-01-31,4.92,5.18,4.7,5.01,120019.0
2018-01-30,4.29,4.81,4.29,4.71,87827.0
2018-01-29,4.48,4.55,4.37,4.45,53011.0
2018-01-26,4.41,4.8,4.3254,4.39,71439.0
2018-01-25,4.76,4.854,4.1301,4.35,129593.0
2018-01-24,4.87,5.47,4.85,4.95,133618.0
2018-01-23,4.85,5.06,4.8,4.81,28139.0
2018-01-22,4.71,4.95,4.5,4.82,102029.0
2018-01-19,4.75,5.1499,4.7,4.71,76163.0
2018-01-18,5.08,5.358,4.69,4.79,120457.0
2018-01-17,4.8,4.99,4.66,4.85,76553.0
2018-01-16,4.97,5.275,4.6843,4.8,46159.0
2018-01-12,5.3947,5.4948,4.9,5.02,39472.0
2018-01-11,4.97,5.56,4.6203,5.19,126115.0
2018-01-10,4.7,5.2339,4.5132,4.81,115635.0
2018-01-09,4.67,5.28,4.65,4.74,177664.0
2018-01-08,5.08,5.2649,4.265,4.71,301108.0
2018-01-05,4.0,5.39,3.65,5.0,872313.0
2018-01-04,3.78,4.4307,3.78,3.92,117131.0
2018-01-03,3.88,4.49,3.579,3.8,142287.0
2018-01-02,4.21,4.21,3.53,3.85,132936.0
2017-12-29,4.5,4.97,4.02,4.14,134180.0
2017-12-28,4.22,6.24,4.22,4.98,1470078.0
2017-12-27,3.25,4.93,3.25,4.19,640413.0
2017-12-26,3.2,3.51,3.13,3.25,14284.0
2017-12-22,3.26,3.34,3.14,3.17,15166.0
2017-12-21,3.46,3.46,3.06,3.3,35701.0
2017-12-20,3.75,3.8613,3.3,3.41,48975.0
2017-12-19,3.82,4.8,3.71,3.72,267022.0
2017-12-18,3.86,4.145,3.86,3.92,23089.0
2017-12-15,3.92,4.02,3.82,3.91,12323.0
2017-12-14,3.96,4.445,3.81,3.9,96457.0
2017-12-13,4.09,4.09,3.87,3.96,20672.0
2017-12-12,4.21,4.9742,3.97,4.07,207210.0
2017-12-11,4.03,4.1583,4.02,4.02,10537.0
2017-12-08,4.1,4.27,4.0,4.04,16074.0
2017-12-07,4.07,4.4,3.94,3.94,66818.0
2017-12-06,4.15,4.289,3.87,4.06,93376.0
2017-12-05,4.57,4.6,4.1092,4.21,30188.0
2017-12-04,4.32,4.85,4.1501,4.6,65145.0
2017-12-01,5.12,5.2,4.103,4.37,139023.0
2017-11-30,5.51,5.5114,4.8601,5.2,61206.0
2017-11-29,5.51,5.99,5.3,5.49,139261.0
2017-11-28,5.01,6.15,4.98,5.4797,265284.0
2017-11-27,5.01,5.17,4.55,5.05,103837.0
2017-11-24,5.13,5.58,4.92,5.16,29412.0
2017-11-22,6.05,6.05,5.0,5.18,124951.0
2017-11-21,7.4,7.96,5.0605,5.63,405410.0
2017-11-20,5.29,5.48,5.0309,5.43,96232.0
2017-11-17,5.0,6.65,5.0,5.29,235376.0
2017-11-16,5.25,7.0,5.0,5.19,249416.0
2017-11-15,4.63,5.8,4.59,5.29,323474.0
2017-11-14,4.85,4.99,4.31,4.65,114020.0
2017-11-13,6.02,6.81,4.8,4.96,244938.0
2017-11-10,5.8,6.94,4.5,6.15,398060.0
2017-11-09,14.0,14.45,5.2,5.45,1851474.0
2017-11-08,2.82,15.0,2.68,8.22,8121600.0
2017-11-07,2.43,2.82,2.43,2.6633,74483.0
2017-11-06,2.3174,2.3174,2.3174,2.3174,1240.0
2017-11-03,2.04,2.2482,2.04,2.2482,7381.0
2017-11-02,2.429,2.429,2.1715,2.25,2802.0
2017-11-01,2.39,2.39,2.03,2.18,12462.0
2017-10-31,2.33,2.33,2.31,2.31,8184.0
2017-10-30,2.41,2.46,2.41,2.46,500.0
2017-10-27,2.48,2.57,2.46,2.46,3606.0
2017-10-26,2.11,2.45,2.1,2.44,2782.0
2017-10-25,2.44,2.45,2.44,2.45,2824.0
2017-10-24,2.47,2.47,2.47,2.47,170.0
2017-10-23,2.5011,2.78,2.4422,2.4422,5250.0
2017-10-20,2.6,2.6,2.54,2.54,5853.0
2017-10-19,2.56,2.654,2.56,2.654,2085.0
2017-10-18,2.62,2.82,2.6,2.82,1449.0
2017-10-17,2.6655,2.82,2.6248,2.82,5093.0
2017-10-16,2.74,2.8,2.74,2.8,1523.0
2017-10-13,2.57,2.77,2.57,2.66,300.0
2017-10-12,2.62,2.66,2.44,2.55,5083.0
2017-10-11,2.65,2.7181,2.6,2.6,2174.0
2017-10-10,2.79,2.79,2.35,2.44,5340.0
2017-10-09,2.86,2.86,2.85,2.85,241.0
2017-10-06,2.56,3.03,2.56,2.85,24938.0
2017-10-05,2.48,2.635,2.48,2.55,5502.0
2017-10-04,2.68,2.68,2.42,2.65,6025.0
2017-10-03,2.63,2.66,2.5479,2.618,8806.0
2017-10-02,2.53,2.58,2.5,2.58,3300.0
2017-09-29,2.46,2.585,2.3103,2.49,5100.0
2017-09-28,2.66,2.66,2.66,2.66,1802.0
2017-09-27,2.48,2.594,2.48,2.594,792.0
2017-09-26,2.7752,2.7752,2.3,2.43,2398.0
2017-09-25,2.7,2.86,2.6,2.68,18314.0
2017-09-22,2.61,2.67,2.57,2.67,7854.0
2017-09-21,2.51,2.91,2.41,2.65,15591.0
2017-09-20,2.72,2.91,2.25,2.25,9549.0
2017-09-19,2.1001,2.84,2.1001,2.72,27240.0
2017-09-18,2.4,2.57,2.2,2.56,8505.0
2017-09-15,2.3101,2.4,2.3101,2.4,680.0
2017-09-14,2.56,2.65,2.15,2.4,19305.0
2017-09-13,1.98,2.659,1.98,2.41,28508.0
2017-09-12,1.8793,2.05,1.8793,1.8948,1103.0
2017-09-11,1.99,1.99,1.98,1.98,1081.0
2017-09-08,1.99,1.99,1.9844,1.9844,230.0
2017-09-07,2.02,2.02,1.9289,1.97,3417.0
2017-09-06,2.0,2.11,1.75,1.9499,8130.0
2017-09-05,2.03,2.03,1.8133,2.0,3826.0
2017-09-01,1.95,2.14,1.79,1.92,12817.0
2017-08-31,1.75,1.85,1.63,1.8,3275.0
2017-08-30,1.95,1.96,1.75,1.79,11947.0
2017-08-29,1.8299,2.0,1.5201,2.0,4309.0
2017-08-28,1.85,1.85,1.85,1.85,183.0
2017-08-25,1.52,1.9632,1.41,1.85,73390.0
2017-08-24,1.64,1.64,1.64,1.64,800.0
2017-08-23,1.61,1.66,1.5,1.66,6140.0
2017-08-22,1.77,1.77,1.77,1.77,200.0
2017-08-21,1.83,1.8499,1.61,1.78,5975.0
2017-08-18,2.0,2.0,1.73,1.73,1595.0
2017-08-17,1.79,2.0382,1.69,1.69,3160.0
2017-08-16,2.05,2.05,1.75,1.8,6849.0
2017-08-15,1.81,1.83,1.77,1.83,3092.0
2017-08-14,1.6969,2.0381,1.6969,1.81,4926.0
2017-08-11,1.96,1.96,1.5954,1.76,6220.0
2017-08-10,2.04,2.072,1.95,1.95,9700.0
2017-08-09,2.16,2.255,2.058,2.1,7639.0
2017-08-08,2.02,2.2694,1.98,2.13,11685.0
2017-08-07,2.25,2.37,1.84,2.13,22997.0
2017-08-04,2.35,2.51,2.32,2.51,2205.0
2017-08-03,2.31,2.35,2.31,2.34,3520.0
2017-08-02,2.47,2.58,2.1,2.31,24154.0
2017-08-01,2.62,2.63,2.46,2.48,3640.0
2017-07-31,2.48,2.73,2.48,2.64,23081.0
2017-07-28,2.5182,2.71,2.42,2.45,18100.0
2017-07-27,2.71,2.71,2.41,2.53,3966.0
2017-07-26,2.77,2.87,2.57,2.73,24670.0
2017-07-25,2.77,2.93,2.6201,2.65,4903.0
2017-07-24,2.71,2.93,2.5671,2.8,15924.0
2017-07-21,2.79,2.83,2.41,2.68,19158.0
2017-07-20,2.99,2.99,2.77,2.77,16570.0
2017-07-19,2.8901,3.15,2.83,2.83,16374.0
2017-07-18,2.9,2.9,2.89,2.89,406.0
2017-07-17,2.88,3.0799,2.87,2.87,16735.0
2017-07-14,2.8501,3.1299,2.8501,2.9,12100.0
2017-07-13,2.87,2.95,2.74,2.9,21331.0
2017-07-12,3.05,3.1525,2.86,2.86,24653.0
2017-07-11,2.9401,2.9972,2.94,2.9811,1341.0
2017-07-10,2.9944,2.9944,2.93,2.93,1755.0
2017-07-07,2.86,3.1,2.86,3.08,18991.0
2017-07-06,3.145,3.1789,2.82,2.82,22551.0
2017-07-05,2.67,3.45,2.67,3.04,61338.0
2017-07-03,2.44,2.6,2.41,2.57,3200.0
2017-06-30,2.66,2.75,2.46,2.5,8800.0
2017-06-29,2.7687,2.8501,2.63,2.65,21760.0
2017-06-28,2.69,2.81,2.61,2.8,13323.0
2017-06-27,2.78,2.94,2.6101,2.67,3659.0
2017-06-26,2.65,2.828,2.62,2.62,9174.0
2017-06-23,2.8,2.8,2.6,2.61,8521.0
2017-06-22,2.86,2.9799,2.73,2.8,19430.0
2017-06-21,3.01,3.105,2.6,2.72,13974.0
2017-06-20,2.9669,3.2885,2.8028,3.12,42868.0
2017-06-19,2.5603,2.9,2.2757,2.84,50948.0
2017-06-16,2.7,2.7,2.51,2.61,11824.0
2017-06-15,2.86,2.86,2.65,2.66,18660.0
2017-06-14,2.93,2.942,2.64,2.73,24717.0
2017-06-13,2.95,2.984,2.8,2.88,10843.0
2017-06-12,2.85,3.042,2.6999,2.85,23105.0
2017-06-09,3.06,3.0631,2.79,2.79,5183.0
2017-06-08,3.01,3.1132,2.72,2.82,14788.0
2017-06-07,2.98,3.2,2.61,3.0,53811.0
2017-06-06,3.07,3.5,3.04,3.04,18909.0
2017-06-05,3.15,3.24,3.02,3.08,24796.0
2017-06-02,3.51,3.67,3.1,3.1,3465.0
2017-06-01,3.49,3.8032,3.44,3.68,8008.0
2017-05-31,3.75,4.07,3.08,3.49,21902.0
2017-05-30,4.156,4.156,3.6799,3.88,13417.0
2017-05-26,4.02,4.2156,3.91,3.91,8293.0
2017-05-25,4.05,4.3,4.03,4.03,4153.0
2017-05-24,4.08,4.08,4.0,4.01,4236.0
2017-05-23,4.18,4.45,3.83,3.9,35036.0
2017-05-22,4.29,4.84,3.8871,4.25,9714.0
2017-05-19,4.68,4.76,4.17,4.17,9772.0
2017-05-18,4.78,4.78,4.39,4.47,5131.0
2017-05-17,4.37,4.89,4.32,4.33,7466.0
2017-05-16,4.89,4.9,3.96,4.45,167130.0
2017-05-15,5.5232,5.94,5.5,5.6,23588.0
2017-05-12,5.82,5.82,5.6056,5.618,3813.0
2017-05-11,5.5778,5.88,5.5778,5.81,621.0
2017-05-10,5.7,6.0,5.5266,5.96,24542.0
2017-05-09,5.83,5.83,5.4081,5.7,14934.0
2017-05-08,5.59,5.82,5.21,5.51,11916.0
2017-05-05,5.5,5.74,5.5,5.7188,18527.0
2017-05-04,5.38,5.4784,5.29,5.46,17569.0
2017-05-03,5.42,5.42,5.3,5.38,7471.0
2017-05-02,5.39,5.54,5.26,5.45,17586.0
2017-05-01,5.25,5.64,5.25,5.45,22231.0
2017-04-28,5.27,5.4,5.15,5.26,66169.0
2017-04-27,5.23,5.3363,5.16,5.17,19653.0
2017-04-26,5.2123,5.3,5.16,5.18,16372.0
2017-04-25,5.25,5.76,5.1291,5.16,62777.0
2017-04-24,5.24,5.3,5.1,5.13,20682.0
2017-04-21,5.21,5.2803,5.02,5.1,28063.0
2017-04-20,5.4,5.59,4.96,4.96,13760.0
2017-04-19,5.29,5.624,5.2,5.2323,28917.0
2017-04-18,5.2,5.7,5.2,5.26,14732.0
2017-04-17,5.5072,5.5072,5.01,5.26,13625.0
2017-04-13,5.63,5.63,5.48,5.53,8506.0
2017-04-12,5.59,5.9,5.28,5.34,50311.0
2017-04-11,5.61,5.61,5.59,5.59,986.0
2017-04-10,5.1401,5.47,5.1401,5.37,11326.0
2017-04-07,4.98,6.49,4.881,5.48,99535.0
2017-04-06,4.99,5.14,4.79,5.04,29076.0
2017-04-05,5.08,5.24,4.84,5.19,10685.0
2017-04-04,5.05,5.49,4.72,5.22,51981.0
2017-04-03,5.24,5.499,5.24,5.3,12077.0
2017-03-31,5.62,5.7703,5.2,5.55,21428.0
2017-03-30,6.31,6.31,5.61,5.81,49565.0
2017-03-29,6.5,8.38,6.0,6.47,430763.0
2017-03-28,5.0,7.37,4.992,6.6892,602501.0
2017-03-27,4.99,5.1,4.5969,5.03,34101.0
2017-03-24,4.8101,5.23,4.8101,5.05,12194.0
2017-03-23,4.7865,5.0299,4.71,4.83,15118.0
2017-03-22,5.0,5.3,4.77,5.1,27908.0
2017-03-21,5.5099,5.5099,4.52,4.85,79122.0
2017-03-20,5.08,5.1,4.71,5.04,7945.0
2017-03-17,5.0001,5.57,4.65,4.99,72981.0
2017-03-16,5.49,5.5753,4.78,5.01,19314.0
2017-03-15,5.85,5.85,5.25,5.25,25049.0
2017-03-14,5.85,6.08,5.76,5.9,4098.0
2017-03-13,5.94,6.2594,5.8391,5.85,10431.0
2017-03-10,5.65,6.0563,5.65,5.95,19436.0
2017-03-09,5.9,6.1,5.61,5.65,29461.0
2017-03-08,6.43,6.43,5.9301,5.974,24192.0
2017-03-07,6.3,6.69,6.12,6.25,33939.0
2017-03-06,6.37,6.715,6.37,6.39,9307.0
2017-03-03,6.7,6.9797,6.41,6.59,32788.0
2017-03-02,7.01,7.2,6.7,6.7,15423.0
2017-03-01,6.68,7.59,6.68,7.03,109388.0
2017-02-28,7.0,7.908,6.61,6.67,30644.0
2017-02-27,6.68,8.405,6.38,7.21,107609.0
2017-02-24,7.77,7.7872,7.007,7.02,48099.0
2017-02-23,7.1,8.81,6.53,7.89,190056.0
2017-02-22,5.55,9.72,5.4989,6.9,885263.0
2017-02-21,6.05,6.36,5.57,5.61,53540.0
2017-02-17,6.16,6.95,6.1162,6.12,84621.0
2017-02-16,8.25,10.38,6.5,6.6,460493.0
2017-02-15,7.99,8.99,7.6677,8.18,159800.0
2017-02-14,9.37,9.53,7.35,8.08,371202.0
2017-02-13,15.4,18.0,9.37,9.8,19057.0
2017-02-10,5.2,11.44,5.2,10.87,40757.0
2017-02-09,2.5,4.25,2.5,3.81,1290.0
2017-02-08,0.2,0.2,0.1911,0.1932,107000.0
2017-02-07,0.19,0.2,0.1802,0.2,85705.0
2017-02-06,0.2,0.2,0.1831,0.185,14200.0
2017-02-03,0.19,0.2,0.185,0.2,11619.0
2017-02-02,0.19,0.2,0.19,0.1903,41450.0
2017-02-01,0.2113,0.2113,0.1918,0.1918,3769.0
2017-01-31,0.1956,0.21,0.19,0.2,42089.0
2017-01-30,0.1995,0.2163,0.191,0.1915,36499.0
2017-01-27,0.2,0.2272,0.1999,0.21,62864.0
2017-01-26,0.2104,0.212,0.195,0.201,21943.0
2017-01-25,0.195,0.228,0.195,0.2081,15727.0
2017-01-24,0.2224,0.2224,0.19,0.1951,84842.0
2017-01-23,0.298,0.298,0.1808,0.2,309351.0
2017-01-20,0.2684,0.2684,0.2665,0.2665,12400.0
2017-01-19,0.2801,0.2801,0.264,0.265,15600.0
2017-01-18,0.285,0.285,0.28,0.28,43600.0
2017-01-17,0.2935,0.2998,0.26,0.2801,31800.0
2017-01-13,0.33,0.33,0.29,0.3,19166.0
2017-01-12,0.3,0.3501,0.2984,0.3102,552120.0
2017-01-11,0.29,0.3099,0.262,0.3099,70000.0
2017-01-10,0.2686,0.2686,0.26,0.26,4882.0
2017-01-09,0.2603,0.288,0.2603,0.2603,13200.0
2017-01-06,0.2825,0.2825,0.2602,0.2602,8391.0
2017-01-05,0.29,0.2927,0.25,0.26,44400.0
2017-01-04,0.3199,0.3199,0.2851,0.2851,1864.0
2017-01-03,0.29,0.29,0.29,0.29,100.0
2016-12-30,0.29,0.29,0.28,0.28,10400.0
2016-12-29,0.3021,0.3021,0.3,0.3,300.0
2016-12-28,0.2814,0.32,0.2814,0.31,7750.0
2016-12-27,0.2915,0.3416,0.27,0.2802,16105.0
2016-12-23,0.31,0.3269,0.301,0.31,4185.0
2016-12-22,0.3,0.3287,0.3,0.31,10755.0
2016-12-21,0.3199,0.33,0.3016,0.3016,5170.0
2016-12-20,0.3101,0.32,0.29,0.32,25100.0
2016-12-19,0.3249,0.3249,0.3174,0.3197,22635.0
2016-12-16,0.3325,0.3325,0.31,0.31,4500.0
2016-12-15,0.3518,0.36,0.325,0.325,27995.0
2016-12-14,0.3521,0.3521,0.34,0.3412,22050.0
2016-12-13,0.39,0.39,0.35,0.3505,29240.0
2016-12-12,0.46,0.46,0.36,0.39,100012.0
2016-12-09,0.3496,0.45,0.3303,0.4417,728808.0
2016-12-08,0.31,0.37,0.2705,0.37,92330.0
2016-12-07,0.2805,0.3,0.2805,0.3,20309.0
2016-12-06,0.29,0.2956,0.2705,0.2915,30940.0
2016-12-05,0.28,0.291,0.28,0.291,400.0
2016-12-02,0.34,0.34,0.2566,0.28,17548.0
2016-12-01,0.3103,0.3104,0.3099,0.3099,19950.0
2016-11-30,0.3104,0.33,0.3104,0.311,1400.0
2016-11-29,0.3488,0.35,0.3201,0.3395,10350.0
2016-11-28,0.3354,0.34,0.32,0.3388,14259.0
2016-11-25,0.31,0.35,0.31,0.35,28778.0
2016-11-23,0.3749,0.3749,0.32,0.32,63939.0
2016-11-22,0.375,0.375,0.35,0.3748,101011.0
2016-11-21,0.3612,0.3849,0.3511,0.3749,94447.0
2016-11-18,0.3601,0.385,0.3525,0.3606,21356.0
2016-11-17,0.4,0.4395,0.3569,0.36,61588.0
2016-11-16,0.36,0.3999,0.35,0.3999,39626.0
2016-11-15,0.3604,0.38,0.36,0.3799,13025.0
2016-11-14,0.36,0.38,0.36,0.38,1672.0
2016-11-11,0.36,0.38,0.3523,0.36,20251.0
2016-11-10,0.3632,0.3799,0.36,0.3799,5135.0
2016-11-09,0.3501,0.39,0.3501,0.3601,10056.0
2016-11-08,0.3506,0.3899,0.3505,0.3505,9730.0
2016-11-07,0.3505,0.39,0.3505,0.361,17084.0
2016-11-04,0.3607,0.3607,0.3606,0.3606,10972.0
2016-11-03,0.3606,0.3606,0.36,0.36,500.0
2016-11-02,0.39,0.39,0.3508,0.3607,17650.0
2016-11-01,0.3849,0.39,0.37,0.37,4004.0
2016-10-31,0.3875,0.395,0.37,0.37,17271.0
2016-10-28,0.3506,0.3762,0.3506,0.37,5840.0
2016-10-27,0.37,0.3899,0.37,0.375,16591.0
2016-10-26,0.3802,0.3993,0.3606,0.3606,10188.0
2016-10-25,0.4274,0.4274,0.3821,0.39,17997.0
2016-10-24,0.42,0.42,0.38,0.38,72268.0
2016-10-21,0.4399,0.4399,0.3841,0.4,38214.0
2016-10-20,0.404,0.4394,0.4,0.41,42204.0
2016-10-19,0.39,0.4368,0.38,0.4,260166.0
2016-10-18,0.4,0.41,0.39,0.3902,63888.0
2016-10-17,0.4042,0.4042,0.3905,0.4,11290.0
2016-10-14,0.4493,0.4493,0.3956,0.3956,12385.0
2016-10-13,0.4493,0.4493,0.3962,0.3962,11410.0
2016-10-12,0.4101,0.4101,0.3962,0.41,24048.0
2016-10-11,0.42,0.4337,0.42,0.42,28603.0
2016-10-10,0.44,0.45,0.4123,0.45,35818.0
2016-10-07,0.4399,0.445,0.402,0.4021,43092.0
2016-10-06,0.4,0.44,0.3931,0.4131,95639.0
2016-10-05,0.4,0.4022,0.3909,0.391,77256.0
2016-10-04,0.4138,0.4252,0.383,0.383,151851.0
2016-10-03,0.43,0.4698,0.4002,0.4099,147777.0
2016-09-30,0.4,0.431,0.385,0.43,50109.0
2016-09-29,0.4198,0.4397,0.4,0.4,68293.0
2016-09-28,0.39,0.41,0.39,0.4099,96350.0
2016-09-27,0.38,0.405,0.38,0.39,2806.0
2016-09-26,0.4236,0.426,0.38,0.38,14400.0
2016-09-23,0.4115,0.4115,0.39,0.3901,27922.0
2016-09-22,0.408,0.4398,0.4,0.4101,25811.0
2016-09-21,0.4102,0.4162,0.3703,0.3911,43047.0
2016-09-20,0.42,0.437,0.4,0.42,36879.0
2016-09-19,0.41,0.436,0.4012,0.42,12040.0
2016-09-16,0.42,0.428,0.4021,0.428,22400.0
2016-09-15,0.4279,0.48,0.399,0.42,287273.0
2016-09-14,0.4098,0.429,0.3905,0.418,55397.0
2016-09-13,0.4073,0.4073,0.3701,0.3702,8636.0
2016-09-12,0.39,0.405,0.3653,0.3999,82305.0
2016-09-09,0.395,0.4047,0.38,0.39,25211.0
2016-09-08,0.4399,0.4406,0.3804,0.3805,60860.0
2016-09-07,0.41,0.42,0.3527,0.4,91680.0
2016-09-06,0.4231,0.449,0.3903,0.4096,104658.0
2016-09-02,0.4061,0.4298,0.405,0.4157,56806.0
2016-09-01,0.4401,0.45,0.3812,0.3911,137276.0
2016-08-31,0.4,0.48,0.4,0.4094,97504.0
2016-08-30,0.38,0.43,0.38,0.3994,85709.0
2016-08-29,0.4,0.42,0.377,0.378,80386.0
2016-08-26,0.4,0.4203,0.4,0.4,23600.0
2016-08-25,0.4203,0.4399,0.4,0.4,56870.0
2016-08-24,0.46,0.468,0.366,0.4,317681.0
2016-08-23,0.3799,0.65,0.3501,0.4501,3325816.0
2016-08-22,0.34,0.3633,0.295,0.33,151967.0
2016-08-19,0.3899,0.3899,0.335,0.345,127837.0
2016-08-18,0.3401,0.45,0.323,0.37,69471.0
2016-08-17,0.3411,0.38,0.34,0.341,93279.0
2016-08-16,0.4201,0.4201,0.3215,0.35,174553.0
2016-08-15,0.4599,0.4613,0.4,0.42,78737.0
2016-08-12,0.4139,0.4664,0.4139,0.4599,92624.0
2016-08-11,0.54,0.54,0.401,0.47,173713.0
2016-08-10,0.51,0.759,0.46,0.49,874587.0
2016-08-09,0.52,0.52,0.4302,0.46,14287.0
2016-08-08,0.61,0.61,0.5001,0.52,128885.0
2016-08-05,0.4055,0.619,0.3803,0.619,386493.0
2016-08-04,0.4799,0.48,0.351,0.4589,175451.0
2016-08-03,0.46,0.48,0.4,0.48,11269.0
2016-08-02,0.508,0.5391,0.42,0.44,10227.0
2016-08-01,0.505,0.689,0.48,0.481,221339.0
2016-07-29,0.45,0.69,0.414,0.57,565627.0
2016-07-28,0.39,0.4403,0.3809,0.418,41607.0
2016-07-27,0.475,0.475,0.3714,0.39,8592.0
2016-07-26,0.38,0.47,0.351,0.39,127124.0
2016-07-25,0.3534,0.4,0.3502,0.382,65377.0
2016-07-22,0.3211,0.3622,0.3211,0.36,18645.0
2016-07-21,0.349,0.39,0.312,0.3211,25422.0
2016-07-20,0.336,0.3699,0.321,0.321,83804.0
2016-07-19,0.31,0.397,0.31,0.321,371657.0
2016-07-18,0.26,0.471,0.26,0.3316,1348618.0
2016-07-15,0.2815,0.2916,0.2511,0.2811,79549.0
2016-07-14,0.3134,0.3134,0.28,0.3046,12079.0
2016-07-13,0.329,0.329,0.275,0.3131,270855.0
2016-07-12,0.38,0.404,0.245,0.31,308324.0
2016-07-11,0.3557,0.55,0.3,0.3836,1380480.0
2016-07-08,0.3499,0.365,0.331,0.331,20103.0
2016-07-07,0.3131,0.35,0.3,0.3,24425.0
2016-07-06,0.3401,0.35,0.28,0.3,39700.0
2016-07-05,0.37,0.3775,0.325,0.3554,31322.0
2016-07-01,0.37,0.4,0.365,0.365,37050.0
2016-06-30,0.36,0.43,0.36,0.361,61592.0
2016-06-29,0.35,0.414,0.2975,0.3601,40946.0
2016-06-28,0.3901,0.3901,0.34,0.36,124316.0
2016-06-27,0.39,0.45,0.3194,0.35,196624.0
2016-06-24,0.38,0.38,0.2915,0.35,93412.0
2016-06-23,0.5,0.5499,0.3741,0.4102,405729.0
2016-06-22,0.23,0.8788,0.23,0.65,1027641.0
2016-06-21,0.2,0.2525,0.19,0.2525,74175.0
2016-06-20,0.188,0.188,0.188,0.188,0.0
2016-06-17,0.188,0.188,0.188,0.188,0.0
2016-06-16,0.1999,0.1999,0.183,0.188,15097.0
2016-06-15,0.1685,0.1685,0.1685,0.1685,0.0
2016-06-14,0.1685,0.1685,0.1685,0.1685,18.0
2016-06-13,0.1685,0.1685,0.1685,0.1685,0.0
2016-06-10,0.17,0.2,0.1605,0.1685,18150.0
2016-06-09,0.207,0.207,0.1999,0.2,9990.0
2016-06-08,0.2,0.23,0.19,0.23,3086.0
2016-06-07,0.19,0.19,0.19,0.19,0.0
2016-06-06,0.19,0.19,0.19,0.19,0.0
2016-06-03,0.19,0.19,0.19,0.19,0.0
2016-06-02,0.22,0.22,0.19,0.19,418.0
2016-06-01,0.2,0.2323,0.2,0.2323,1986.0
2016-05-31,0.1942,0.1942,0.1942,0.1942,0.0
2016-05-27,0.1942,0.1942,0.1942,0.1942,0.0
2016-05-26,0.2,0.2101,0.19,0.1942,56910.0
2016-05-25,0.1901,0.2188,0.1896,0.2,49016.0
2016-05-24,0.2599,0.28,0.2,0.2101,24183.0
2016-05-23,0.1601,0.1601,0.1601,0.1601,43.0
2016-05-20,0.2,0.2,0.2,0.2,0.0
2016-05-19,0.2,0.2,0.2,0.2,0.0
2016-05-18,0.19,0.2333,0.1722,0.2,2501.0
2016-05-17,0.1601,0.1601,0.1601,0.1601,0.0
2016-05-16,0.1701,0.1701,0.1601,0.1601,624.0
2016-05-13,0.1442,0.1442,0.1442,0.1442,0.0
2016-05-12,0.1442,0.1442,0.1442,0.1442,100.0
2016-05-11,0.29,0.29,0.29,0.29,2500.0
2016-05-10,0.28,0.2801,0.2291,0.28,24105.0
2016-05-09,0.3,0.3,0.3,0.3,0.0
2016-05-06,0.3,0.3064,0.3,0.3,19900.0
2016-05-05,0.339,0.339,0.31,0.31,210.0
2016-05-04,0.35,0.35,0.299,0.305,2000.0
2016-05-03,0.32,0.32,0.22,0.26,36442.0
2016-05-02,0.3989,0.3989,0.35,0.35,3245.0
2016-04-29,0.34,0.4499,0.329,0.4043,45971.0
2016-04-28,0.31,0.31,0.31,0.31,0.0
2016-04-27,0.31,0.31,0.31,0.31,0.0
2016-04-26,0.33,0.33,0.293,0.31,6027.0
2016-04-25,0.41,0.41,0.3599,0.36,6000.0
2016-04-22,0.3601,0.49,0.35,0.4083,90303.0
2016-04-21,0.5,0.5,0.5,0.5,150.0
2016-04-20,0.5679,0.5699,0.5489,0.5489,1299.0
2016-04-19,0.351,0.3611,0.35,0.35,18200.0
2016-04-18,0.401,0.42,0.401,0.42,2925.0
2016-04-15,0.36,0.409,0.36,0.409,700.0
2016-04-14,0.4,0.4,0.4,0.4,700.0
2016-04-13,0.3953,0.4,0.3953,0.4,750.0
2016-04-12,0.3601,0.3601,0.3601,0.3601,0.0
2016-04-11,0.37,0.37,0.3601,0.3601,300.0
2016-04-08,0.4085,0.4085,0.3505,0.3505,300.0
2016-04-07,0.3649,0.3649,0.3649,0.3649,0.0
2016-04-06,0.3649,0.3649,0.3649,0.3649,0.0
2016-04-05,0.365,0.365,0.3649,0.3649,3000.0
2016-04-04,0.409,0.409,0.409,0.409,0.0
2016-04-01,0.4,0.409,0.4,0.409,300.0
2016-03-31,0.39,0.39,0.39,0.39,10.0
2016-03-30,0.41,0.41,0.41,0.41,145.0
2016-03-29,0.39,0.39,0.39,0.39,1000.0
2016-03-28,0.39,0.4199,0.39,0.4199,6569.0
2016-03-24,0.39,0.39,0.39,0.39,200.0
2016-03-23,0.4,0.4,0.386,0.4,6518.0
2016-03-22,0.395,0.395,0.395,0.395,0.0
2016-03-21,0.395,0.395,0.395,0.395,145.0
2016-03-18,0.4,0.42,0.39,0.3999,8575.0
2016-03-17,0.4,0.4,0.4,0.4,0.0
2016-03-16,0.4101,0.4103,0.4,0.4,14251.0
2016-03-15,0.44,0.44,0.36,0.43,3600.0
2016-03-14,0.4399,0.45,0.4004,0.4499,11950.0
2016-03-11,0.4399,0.45,0.3401,0.3401,1177.0
2016-03-10,0.4036,0.4036,0.34,0.34,327.0
2016-03-09,0.4999,0.4999,0.47,0.47,10902.0
2016-03-08,0.49,0.49,0.49,0.49,200.0
2016-03-07,0.5,0.5,0.4899,0.4899,6495.0
2016-03-04,0.45,0.5099,0.4401,0.4401,1600.0
2016-03-03,0.44,0.44,0.44,0.44,100.0
2016-03-02,0.5099,0.5099,0.5099,0.5099,20.0
2016-03-01,0.5099,0.5099,0.5099,0.5099,200.0
2016-02-29,0.5092,0.5092,0.5092,0.5092,396.0
2016-02-26,0.4999,0.4999,0.4748,0.4748,720.0
2016-02-25,0.46,0.46,0.46,0.46,0.0
2016-02-24,0.46,0.46,0.46,0.46,20.0
2016-02-23,0.46,0.46,0.46,0.46,0.0
2016-02-22,0.539,0.5399,0.46,0.46,1000.0
2016-02-19,0.4301,0.4301,0.4301,0.4301,0.0
2016-02-18,0.4301,0.4301,0.4301,0.4301,0.0
2016-02-17,0.4301,0.4301,0.4301,0.4301,0.0
2016-02-16,0.5989,0.5989,0.43,0.4301,1883.0
2016-02-12,0.55,0.5999,0.55,0.5999,2649.0
2016-02-11,0.58,0.58,0.58,0.58,327.0
2016-02-10,0.6,0.6,0.536,0.58,4431.0
2016-02-09,0.6,0.6,0.6,0.6,240.0
2016-02-08,0.56,0.65,0.56,0.65,700.0
2016-02-05,0.65,0.65,0.65,0.65,0.0
2016-02-04,0.65,0.66,0.65,0.65,459.0
2016-02-03,0.4999,0.83,0.49,0.8268,6563.0
2016-02-02,0.387,0.4999,0.387,0.4598,7250.0
2016-02-01,0.39,0.39,0.3272,0.36,26812.0
2016-01-29,0.3829,0.3829,0.3,0.35,4900.0
2016-01-28,0.32,0.32,0.2801,0.3006,5901.0
2016-01-27,0.4,0.4293,0.272,0.35,81721.0
2016-01-26,0.42,0.42,0.35,0.4,12350.0
2016-01-25,0.48,0.48,0.37,0.42,30700.0
2016-01-22,0.52,0.59,0.47,0.47,28424.0
2016-01-21,0.966,0.966,0.43,0.5178,144500.0
2016-01-20,1.03,1.03,1.0,1.0,1120.0
2016-01-19,1.26,1.3,1.0315,1.0315,14999.0
2016-01-15,1.25,1.3201,1.25,1.3201,2050.0
2016-01-14,1.55,1.55,1.55,1.55,1190.0
2016-01-13,1.74,1.74,1.5,1.5,350.0
2016-01-12,2.0155,2.0155,1.57,1.57,3443.0
2016-01-11,2.01,2.01,2.01,2.01,0.0
2016-01-08,2.02,2.02,2.0,2.01,485.0
2016-01-07,2.0566,2.0566,2.0218,2.0218,657.0
2016-01-06,2.156,2.156,2.156,2.156,500.0
2016-01-05,2.24,2.2998,2.05,2.05,8309.0
2016-01-04,2.27,2.342,2.1,2.1,25569.0
2015-12-31,2.8,2.8,2.8,2.8,0.0
2015-12-30,2.1201,2.8,2.1201,2.8,300.0
2015-12-29,2.2301,2.68,2.23,2.68,499.0
2015-12-28,2.53,2.53,2.53,2.53,0.0
2015-12-24,2.53,2.53,2.53,2.53,0.0
2015-12-23,2.53,2.53,2.53,2.53,0.0
2015-12-22,2.53,2.53,2.53,2.53,0.0
2015-12-21,2.53,2.53,2.53,2.53,0.0
2015-12-18,2.53,2.53,2.53,2.53,0.0
2015-12-17,2.53,2.53,2.53,2.53,40.0
2015-12-16,2.68,2.6901,2.53,2.53,4120.0
2015-12-15,2.98,2.98,2.63,2.7,3907.0
2015-12-14,3.03,3.12,2.85,2.98,5800.0
2015-12-11,3.12,3.3,3.0,3.3,2138.0
2015-12-10,3.35,3.35,3.35,3.35,0.0
2015-12-09,3.45,3.45,3.27,3.35,1500.0
2015-12-08,3.4,3.4,3.4,3.4,0.0
2015-12-07,3.4,3.4,3.4,3.4,0.0
2015-12-04,3.4,3.4,3.4,3.4,0.0
2015-12-03,3.4,3.4,3.4,3.4,0.0
2015-12-02,3.35,3.6,3.35,3.4,8817.0
2015-12-01,3.4,3.475,3.39,3.4,1475.0
2015-11-30,3.64,3.64,3.64,3.64,100.0
2015-11-27,3.5,3.5,3.5,3.5,48.0
2015-11-25,3.5,3.5,3.5,3.5,200.0
2015-11-24,3.7001,3.7001,3.7001,3.7001,62.0
2015-11-23,3.7001,3.7001,3.7001,3.7001,15.0
2015-11-20,3.51,3.73,3.51,3.73,17.0
2015-11-19,3.7,3.7,3.7,3.7,0.0
2015-11-18,3.7,3.7,3.7,3.7,0.0
2015-11-17,3.75,3.75,3.7,3.7,399.0
2015-11-16,3.99,3.99,3.99,3.99,0.0
2015-11-13,3.91,3.99,3.91,3.99,102.0
2015-11-12,4.0,4.05,4.0,4.05,500.0
2015-11-11,4.02,4.02,4.001,4.001,501.0
2015-11-10,4.07,4.17,4.07,4.17,201.0
2015-11-09,4.6,4.6,3.95,4.0001,22069.0
2015-11-06,4.65,4.65,4.65,4.65,400.0
2015-11-05,4.64,4.64,4.64,4.64,0.0
2015-11-04,4.35,4.75,4.15,4.64,2100.0
2015-11-03,4.125,4.125,4.125,4.125,0.0
2015-11-02,4.125,4.125,4.125,4.125,193.0
2015-10-30,4.1501,4.1501,4.1,4.1,500.0
2015-10-29,4.14,4.3,4.08,4.3,3210.0
2015-10-28,4.3,4.49,4.1599,4.1599,449.0
2015-10-27,3.52,3.52,3.52,3.52,0.0
2015-10-26,3.52,3.52,3.52,3.52,113.0
2015-10-23,4.04,4.04,4.04,4.04,0.0
2015-10-22,4.33,4.33,4.04,4.04,800.0
2015-10-21,4.0,4.0,4.0,4.0,0.0
2015-10-20,4.0,4.0,4.0,4.0,0.0
2015-10-19,3.77,4.0,3.77,4.0,1146.0
2015-10-16,4.0,4.43,3.51,3.52,5849.0
2015-10-15,3.67,3.67,3.67,3.67,13.0
2015-10-14,4.5015,4.5015,4.5015,4.5015,0.0
2015-10-13,4.53,4.53,4.5015,4.5015,200.0
2015-10-12,4.7,4.7,4.7,4.7,101.0
2015-10-09,4.8,5.0,4.8,4.8,2235.0
2015-10-08,4.8,5.3,4.8,5.17,22355.0
2015-10-07,4.95,5.0,4.8501,4.99,1400.0
2015-10-06,5.06,5.06,5.02,5.06,701.0
2015-10-05,5.06,5.06,5.06,5.06,65.0
2015-10-02,5.1338,5.1338,5.06,5.06,1006.0
2015-10-01,5.5,5.9596,5.5,5.55,9102.0
2015-09-30,6.0,6.0,6.0,6.0,0.0
2015-09-29,6.1,6.2,5.5,6.0,8347.0
2015-09-28,5.89,6.5,5.75,6.2,14147.0
2015-09-25,5.7,5.75,5.65,5.65,375.0
2015-09-24,5.2,6.4,5.1999,5.5201,72416.0
2015-09-23,4.69,5.39,4.686,5.08,8406.0
2015-09-22,5.0,5.0,5.0,5.0,0.0
2015-09-21,5.0,5.0,5.0,5.0,53.0
2015-09-18,4.3999,6.2,4.39,5.0,50717.0
2015-09-17,4.35,6.12,4.02,4.3401,23752.0
2015-09-16,4.1,4.2,4.1,4.2,4558.0
2015-09-15,3.89,4.68,3.89,4.13,15790.0
2015-09-14,4.0,4.0,4.0,4.0,0.0
2015-09-11,4.3,4.3,4.0,4.0,1818.0
2015-09-10,3.86,4.04,3.7899,4.04,4820.0
2015-09-09,4.39,4.72,4.35,4.35,5120.0
2015-09-08,4.1,4.1,4.1,4.1,600.0
2015-09-04,4.0,4.0,4.0,4.0,0.0
2015-09-03,4.2,4.2,4.0,4.0,2600.0
2015-09-02,4.47,4.47,4.47,4.47,0.0
2015-09-01,4.47,4.47,4.47,4.47,0.0
2015-08-31,4.47,4.47,4.47,4.47,0.0
2015-08-28,4.46,4.47,4.46,4.47,341.0
2015-08-27,4.15,4.15,4.15,4.15,99.0
2015-08-26,3.8,4.15,3.8,4.15,1113.0
2015-08-25,3.81,3.81,3.81,3.81,0.0
2015-08-24,3.95,3.96,3.81,3.81,1098.0
2015-08-21,3.89,4.11,3.89,4.11,2852.0
2015-08-20,3.76,4.11,3.75,3.87,4399.0
2015-08-19,3.7799,3.78,3.7799,3.78,1400.0
2015-08-18,3.67,3.9,3.35,3.88,11102.0
2015-08-17,4.0,4.66,3.81,3.81,15627.0
2015-08-14,3.4499,4.13,3.4499,3.76,9500.0
2015-08-13,3.3,4.6699,3.3,3.5,30343.0
2015-08-12,3.7001,4.0,3.13,3.3,7484.0
2015-08-11,3.11,3.4,3.11,3.3995,6310.0
2015-08-10,3.74,3.74,3.74,3.74,76.0
2015-08-07,3.74,3.74,3.74,3.74,0.0
2015-08-06,3.74,3.74,3.74,3.74,0.0
2015-08-05,3.74,3.74,3.74,3.74,15.0
2015-08-04,3.74,3.74,3.74,3.74,0.0
2015-08-03,3.74,3.74,3.74,3.74,0.0
2015-07-31,3.74,3.74,3.74,3.74,0.0
2015-07-30,3.74,3.74,3.74,3.74,0.0
2015-07-29,3.74,3.74,3.74,3.74,0.0
2015-07-28,3.74,3.74,3.74,3.74,0.0
2015-07-27,3.74,3.74,3.74,3.74,0.0
2015-07-24,3.74,3.74,3.74,3.74,0.0
2015-07-23,3.74,3.74,3.74,3.74,0.0
2015-07-22,3.74,3.74,3.74,3.74,0.0
2015-07-21,4.1,4.42,3.02,3.74,2190.0
2015-07-20,3.2,3.2,3.2,3.2,256.0
2015-07-17,3.08,3.08,3.08,3.08,346.0
2015-07-16,3.12,3.12,3.12,3.12,0.0
2015-07-15,3.12,3.12,3.12,3.12,128.0
2015-07-14,3.19,3.19,3.19,3.19,138.0
2015-07-13,3.5,3.5,3.5,3.5,0.0
2015-07-10,3.5,3.5,3.5,3.5,0.0
2015-07-09,3.5,3.5,3.5,3.5,0.0
2015-07-08,3.5,3.5,3.5,3.5,237.0
2015-07-07,3.57,3.93,3.18,3.18,3154.0
2015-07-06,3.25,3.25,3.25,3.25,0.0
2015-07-02,3.37,3.37,3.25,3.25,506.0
2015-07-01,3.7,3.7,3.7,3.7,0.0
2015-06-30,3.7,3.7,3.7,3.7,0.0
2015-06-29,3.7,3.7,3.7,3.7,0.0
2015-06-26,3.7,3.7,3.7,3.7,1.0
2015-06-25,3.7,3.7,3.7,3.7,0.0
2015-06-24,3.63,3.8,3.63,3.7,709.0
2015-06-23,3.55,3.55,3.55,3.55,238.0
2015-06-22,3.52,3.52,3.28,3.5,961.0
2015-06-19,3.66,3.66,3.66,3.66,4.0
2015-06-18,3.96,3.96,3.96,3.96,0.0
2015-06-17,3.96,3.96,3.96,3.96,0.0
2015-06-16,3.96,3.96,3.96,3.96,0.0
2015-06-15,3.96,3.96,3.96,3.96,0.0
2015-06-12,3.96,3.96,3.96,3.96,0.0
2015-06-11,3.96,3.96,3.96,3.96,0.0
2015-06-10,3.96,3.96,3.96,3.96,10.0
2015-06-09,3.96,3.96,3.96,3.96,0.0
2015-06-08,3.96,3.96,3.96,3.96,18.0
2015-06-05,3.96,3.96,3.96,3.96,0.0
2015-06-04,3.96,3.96,3.96,3.96,0.0
2015-06-03,3.96,3.96,3.96,3.96,0.0
2015-06-02,3.96,3.96,3.96,3.96,45.0
2015-06-01,3.96,3.96,3.96,3.96,0.0
2015-05-29,3.96,3.96,3.96,3.96,93.0
2015-05-28,3.96,3.96,3.96,3.96,0.0
2015-05-27,3.96,3.96,3.96,3.96,0.0
2015-05-26,3.96,3.96,3.96,3.96,0.0
2015-05-22,3.96,3.96,3.96,3.96,0.0
2015-05-21,4.4,4.41,3.96,3.96,323.0
2015-05-20,4.95,4.95,4.95,4.95,0.0
2015-05-19,4.95,4.95,4.95,4.95,4.0
2015-05-18,4.95,4.95,4.95,4.95,0.0
2015-05-15,4.95,4.95,4.95,4.95,5.0
2015-05-14,4.3,4.3,4.3,4.3,50.0
2015-05-13,4.52,4.52,4.52,4.52,5.0
2015-05-12,4.95,4.95,4.95,4.95,60.0
2015-05-11,4.6,4.95,4.6,4.95,305.0
2015-05-08,6.08,6.08,5.51,5.51,840.0
2015-05-07,6.0,6.0,6.0,6.0,474.0
2015-05-06,6.17,6.17,6.17,6.17,0.0
2015-05-05,6.17,6.17,6.17,6.17,103.0
2015-05-04,6.12,6.12,6.12,6.12,35.0
2015-05-01,6.17,6.17,6.17,6.17,4.0
2015-04-30,6.8,6.83,6.13,6.17,2569.0
2015-04-29,7.041,7.115,7.041,7.11,939.0
2015-04-28,7.9099,7.9099,7.9099,7.9099,59.0
2015-04-27,13.76,13.76,7.2,7.9099,1486.0
2015-04-24,6.42,6.42,6.42,6.42,104.0
2015-04-23,6.42,6.42,6.42,6.42,0.0
2015-04-22,6.5,6.5,6.37,6.42,1692.0
2015-04-21,6.0,6.0,6.0,6.0,0.0
2015-04-20,6.16,6.16,6.0,6.0,571.0
2015-04-17,7.2,7.2,7.2,7.2,200.0
2015-04-16,8.0,8.0,7.2,7.2,977.0
2015-04-15,8.14,8.5,7.62,8.1,3670.0
2015-04-14,11.2,11.2,7.38,8.07,8208.0
2015-04-13,6.1,8.3001,6.1,8.3,3243.0
2015-04-10,4.93,8.83,4.93,6.0001,5911.0
2015-04-09,4.6,4.6,4.6,4.6,27.0
2015-04-08,4.5,4.5,4.5,4.5,0.0
2015-04-07,4.5,4.5,4.5,4.5,200.0
2015-04-06,4.19,4.19,4.19,4.19,54.0
2015-04-02,3.15,4.19,3.15,3.8,622.0
2015-04-01,4.2,4.2,4.2,4.2,0.0
2015-03-31,4.2,4.2,4.2,4.2,0.0
2015-03-30,4.2,4.2,4.2,4.2,0.0
2015-03-27,4.2,4.2,4.2,4.2,0.0
2015-03-26,4.2,4.2,4.2,4.2,0.0
2015-03-25,4.2,4.2,4.2,4.2,0.0
2015-03-24,4.2,4.2,4.2,4.2,100.0
2015-03-23,3.52,3.52,3.52,3.52,0.0
2015-03-20,3.52,3.52,3.52,3.52,1.0
2015-03-19,3.56,3.56,3.4,3.52,1035.0
2015-03-18,3.22,3.22,3.22,3.22,0.0
2015-03-17,3.22,3.22,3.22,3.22,0.0
2015-03-16,4.03,4.03,3.22,3.22,435.0
2015-03-13,4.9,4.9,4.4156,4.4156,590.0
2015-03-12,4.95,4.95,4.95,4.95,1034.0
2015-03-11,4.93,4.93,4.93,4.93,123.0
2015-03-10,6.07,6.07,6.07,6.07,34.0
2015-03-09,5.89,5.89,5.89,5.89,30.0
2015-03-06,4.93,4.93,4.93,4.93,34.0
2015-03-05,3.27,3.27,3.27,3.27,2995.0
2015-03-04,3.65,3.65,3.65,3.65,0.0
2015-03-03,3.65,3.65,3.65,3.65,0.0
2015-03-02,3.65,3.65,3.65,3.65,0.0
2015-02-27,3.65,3.65,3.65,3.65,0.0
2015-02-26,3.65,3.65,3.27,3.27,140.0
2015-02-25,3.65,3.65,3.65,3.65,0.0
2015-02-24,3.65,3.65,3.65,3.65,0.0
2015-02-23,3.65,3.65,3.65,3.65,0.0
2015-02-20,3.65,3.65,3.65,3.65,0.0
2015-02-19,3.65,3.65,3.65,3.65,0.0
2015-02-18,3.65,3.65,3.65,3.65,150.0
2015-02-17,3.97,3.97,3.97,3.97,46.0
2015-02-13,4.25,4.25,4.25,4.25,0.0
2015-02-12,4.25,4.25,4.25,4.25,0.0
2015-02-11,4.25,4.25,4.25,4.25,0.0
2015-02-10,4.25,4.25,4.25,4.25,63.0
2015-02-09,4.25,4.25,4.25,4.25,0.0
2015-02-06,4.25,4.25,4.25,4.25,0.0
2015-02-05,4.25,4.25,4.25,4.25,0.0
2015-02-04,4.25,4.25,4.25,4.25,0.0
2015-02-03,4.25,4.25,4.25,4.25,0.0
2015-02-02,4.25,4.25,4.25,4.25,0.0
2015-01-30,4.25,4.25,4.25,4.25,0.0
2015-01-29,4.25,4.25,4.25,4.25,0.0
2015-01-28,4.25,4.25,4.25,4.25,1.0
2015-01-27,4.25,4.25,4.25,4.25,0.0
2015-01-26,4.25,4.25,4.25,4.25,1.0
2015-01-23,4.25,4.25,4.25,4.25,35.0
2015-01-22,4.25,4.25,4.25,4.25,0.0
2015-01-21,4.25,4.25,4.25,4.25,0.0
2015-01-20,4.25,4.25,4.25,4.25,0.0
2015-01-16,4.25,4.25,4.25,4.25,0.0
2015-01-15,4.25,4.25,4.25,4.25,50.0
2015-01-14,4.25,4.25,4.25,4.25,0.0
2015-01-13,4.25,4.25,4.25,4.25,140.0
2015-01-12,4.25,4.25,4.25,4.25,0.0
2015-01-09,4.25,4.25,4.25,4.25,10.0
2015-01-08,4.25,4.25,4.25,4.25,100.0
2015-01-07,4.25,4.25,4.25,4.25,0.0
2015-01-06,4.25,4.25,4.25,4.25,0.0
2015-01-05,4.25,4.25,4.25,4.25,0.0
2015-01-02,4.25,4.25,4.25,4.25,0.0
2014-12-31,4.25,4.25,4.25,4.25,0.0
2014-12-30,4.25,4.25,4.25,4.25,1.0
2014-12-29,4.25,4.25,4.25,4.25,3.0
2014-12-26,4.25,4.25,4.25,4.25,0.0
2014-12-24,4.25,4.25,4.25,4.25,0.0
2014-12-23,4.25,4.25,4.25,4.25,0.0
2014-12-22,4.25,4.25,4.25,4.25,0.0
2014-12-19,4.25,4.25,4.25,4.25,0.0
2014-12-18,4.25,4.25,4.25,4.25,2.0
2014-12-17,5.92,5.92,4.25,4.25,371.0
2014-12-16,5.95,5.95,5.95,5.95,100.0
2014-12-15,6.1,6.1,6.1,6.1,0.0
2014-12-12,6.1,6.1,6.1,6.1,0.0
2014-12-11,6.1,6.1,6.1,6.1,187.0
2014-12-10,6.1,6.1,6.1,6.1,0.0
2014-12-09,6.1,6.1,6.1,6.1,0.0
2014-12-08,6.1,6.1,6.1,6.1,0.0
2014-12-05,6.1,6.1,6.1,6.1,0.0
2014-12-04,6.1,6.1,6.1,6.1,0.0
2014-12-03,6.1,6.1,6.1,6.1,0.0
2014-12-02,6.1,6.1,6.1,6.1,0.0
2014-12-01,6.1,6.1,6.1,6.1,36.0
2014-11-28,6.1,6.1,6.1,6.1,87.0
2014-11-26,6.1,6.1,6.1,6.1,0.0
2014-11-25,6.1,6.1,6.1,6.1,18.0
2014-11-24,6.1,6.1,6.1,6.1,0.0
2014-11-21,6.1,6.1,6.1,6.1,0.0
2014-11-20,6.8,6.8,6.8,6.8,118.0
2014-11-19,7.5,7.5,7.5,7.5,0.0
2014-11-18,7.5,7.5,7.5,7.5,0.0
2014-11-17,7.5,7.5,7.5,7.5,0.0
2014-11-14,7.5,7.5,7.5,7.5,0.0
2014-11-13,7.5,7.5,7.5,7.5,0.0
2014-11-12,7.5,7.5,7.5,7.5,118.0
2014-11-11,6.8,6.8,6.8,6.8,0.0
2014-11-10,8.36,8.36,8.36,8.36,100.0
2014-11-07,5.92,5.92,5.92,5.92,0.0
2014-11-06,5.92,5.92,5.92,5.92,10.0
2014-11-05,8.47,8.47,8.47,8.47,280.0
2014-11-04,7.07,7.07,7.07,7.07,0.0
2014-11-03,7.07,7.07,7.07,7.07,0.0
2014-10-31,7.07,7.07,7.07,7.07,20.0
2014-10-30,7.07,7.07,7.07,7.07,0.0
2014-10-29,7.07,7.07,7.07,7.07,63.0
2014-10-28,7.07,7.07,7.07,7.07,0.0
2014-10-27,7.07,7.07,7.07,7.07,0.0
2014-10-24,7.07,7.07,7.07,7.07,0.0
2014-10-23,7.07,7.07,7.07,7.07,0.0
2014-10-22,7.07,7.07,7.07,7.07,0.0
2014-10-21,7.07,7.07,7.07,7.07,138.0
2014-10-20,7.71,7.71,7.71,7.71,0.0
2014-10-17,7.71,7.71,7.71,7.71,0.0
2014-10-16,7.71,7.71,7.71,7.71,0.0
2014-10-15,7.71,7.71,7.71,7.71,0.0
2014-10-14,7.71,7.71,7.71,7.71,0.0
2014-10-13,7.71,7.71,7.71,7.71,0.0
2014-10-10,7.71,7.71,7.71,7.71,0.0
2014-10-09,7.71,7.71,7.71,7.71,0.0
2014-10-08,7.71,7.71,7.71,7.71,0.0
2014-10-07,7.71,7.71,7.71,7.71,0.0
2014-10-06,7.71,7.71,7.71,7.71,0.0
2014-10-03,7.71,7.71,7.71,7.71,0.0
2014-10-02,7.71,7.71,7.71,7.71,0.0
2014-10-01,7.71,7.71,7.71,7.71,0.0
2014-09-30,7.71,7.71,7.71,7.71,0.0
2014-09-29,7.71,7.71,7.71,7.71,0.0
2014-09-26,7.71,7.71,7.71,7.71,0.0
2014-09-25,7.71,7.71,7.71,7.71,0.0
2014-09-24,7.71,7.71,7.71,7.71,0.0
2014-09-23,7.71,7.71,7.71,7.71,26.0
2014-09-22,7.71,7.71,7.71,7.71,0.0
2014-09-19,7.71,7.71,7.71,7.71,0.0
2014-09-18,7.71,7.71,7.71,7.71,900.0
2014-09-17,8.12,8.12,7.9,7.9,303.0
2014-09-16,8.0,8.0,8.0,8.0,182.0
2014-09-15,7.65,7.65,6.89,7.07,963.0
2014-09-12,8.5,8.5,8.5,8.5,100.0
2014-09-11,9.01,9.01,8.8,8.8,500.0
2014-09-10,8.9,8.9,8.9,8.9,0.0
2014-09-09,8.9,8.9,8.9,8.9,0.0
2014-09-08,8.9,8.9,8.9,8.9,0.0
2014-09-05,8.9,8.9,8.9,8.9,0.0
2014-09-04,8.9,8.9,8.9,8.9,0.0
2014-09-03,8.9,8.9,8.9,8.9,20.0
2014-09-02,9.0,9.0,9.0,9.0,324.0
2014-08-29,9.33,9.33,9.33,9.33,0.0
2014-08-28,9.8,9.8,9.0,9.33,944.0
2014-08-27,8.6,8.6,8.6,8.6,0.0
2014-08-26,9.3,9.7,8.49,8.6,4410.0
2014-08-25,9.9,9.9,9.9,9.9,0.0
2014-08-22,9.9,9.9,9.9,9.9,0.0
2014-08-21,9.9,9.9,9.9,9.9,1100.0
2014-08-20,10.0,10.0,10.0,10.0,0.0
2014-08-19,9.39,9.39,9.39,9.39,222.0
2014-08-18,8.0,8.0,8.0,8.0,100.0
2014-08-15,8.73,8.73,8.73,8.73,0.0
2014-08-14,9.39,9.39,9.39,9.39,50.0
2014-08-13,9.81,9.81,9.81,9.81,0.0
2014-08-12,9.8,9.81,9.8,9.81,145.0
2014-08-11,9.91,9.91,9.91,9.91,72.0
2014-08-08,10.0,10.0,10.0,10.0,0.0
2014-08-07,10.0,10.0,10.0,10.0,0.0
2014-08-06,10.29,10.29,10.0,10.0,446.0
2014-08-05,10.35,10.35,10.0,10.0,438.0
2014-08-04,10.2,10.35,10.15,10.35,446.0
2014-08-01,10.05,10.05,10.05,10.05,0.0
2014-07-31,10.39,10.39,10.05,10.05,257.0
2014-07-30,10.08,10.1,10.07,10.07,400.0
2014-07-29,10.5,10.5,10.01,10.1,11691.0
2014-07-28,9.8999,10.35,9.8999,10.18,62299.0
2014-07-25,10.29,10.29,9.9999,10.2101,99253.0
2014-07-24,10.27,10.3,10.27,10.3,40000.0
2014-07-23,10.26,10.26,10.26,10.26,0.0
2014-07-22,10.26,10.26,10.26,10.26,0.0
2014-07-21,10.26,10.26,10.26,10.26,500.0
2014-07-18,10.24,10.24,10.24,10.24,744.0
2014-07-17,10.23,10.24,10.23,10.24,1800.0
2014-07-16,10.24,10.27,10.19,10.22,4000.0
2014-07-15,10.24,10.24,10.21,10.21,500.0
2014-07-14,10.2,10.24,10.2,10.24,300.0
2014-07-11,10.22,10.22,10.16,10.16,200.0
2014-07-10,10.24,10.24,10.12,10.12,1500.0
2014-07-09,10.13,10.13,10.13,10.13,0.0
2014-07-08,10.14,10.14,10.13,10.13,1900.0
2014-07-07,10.1,10.1,10.1,10.1,0.0
2014-07-03,10.1,10.1,10.1,10.1,3.0
2014-07-02,10.19,10.19,10.16,10.16,200.0
2014-07-01,10.23,10.24,10.2,10.2,492.0
2014-06-30,10.22,10.22,10.22,10.22,0.0
2014-06-27,10.24,10.24,10.22,10.22,400.0
2014-06-26,10.21,10.21,10.21,10.21,0.0
2014-06-25,10.21,10.21,10.21,10.21,0.0
2014-06-24,10.21,10.21,10.21,10.21,300.0
2014-06-23,10.26,10.26,10.26,10.26,0.0
2014-06-20,10.26,10.26,10.26,10.26,0.0
2014-06-19,10.26,10.26,10.26,10.26,0.0
2014-06-18,10.26,10.26,10.26,10.26,0.0
2014-06-17,10.26,10.26,10.26,10.26,0.0
2014-06-16,10.26,10.26,10.26,10.26,0.0
2014-06-13,10.26,10.26,10.26,10.26,0.0
2014-06-12,10.26,10.26,10.26,10.26,200.0
2014-06-11,10.32,10.32,10.32,10.32,0.0
2014-06-10,10.32,10.32,10.32,10.32,0.0
2014-06-09,10.27,10.32,10.27,10.32,1837.0
2014-06-06,10.2601,10.2601,10.2601,10.2601,0.0
2014-06-05,10.2601,10.2601,10.2601,10.2601,0.0
2014-06-04,10.2199,10.2601,10.21,10.2601,18306.0
2014-06-03,10.22,10.22,10.22,10.22,400.0
2014-06-02,10.21,10.22,10.21,10.22,600.0
2014-05-30,10.2,10.2,10.2,10.2,0.0
2014-05-29,10.2,10.2,10.2,10.2,0.0
2014-05-28,10.1999,10.22,10.18,10.2,107300.0
2014-05-27,10.23,10.23,10.23,10.23,0.0
2014-05-23,10.23,10.23,10.23,10.23,0.0
2014-05-22,10.23,10.23,10.23,10.23,0.0
2014-05-21,10.23,10.23,10.23,10.23,0.0
2014-05-20,10.23,10.23,10.23,10.23,0.0
2014-05-19,10.23,10.23,10.22,10.23,3940.0
2014-05-16,10.19,10.19,10.19,10.19,100.0
2014-05-15,10.18,10.18,10.18,10.18,899.0
2014-05-14,10.28,10.28,10.18,10.23,7510.0
2014-05-13,10.24,10.24,10.24,10.24,100.0
2014-05-12,10.24,10.32,10.19,10.3,3400.0
2014-05-09,10.24,10.35,10.17,10.35,11901.0
2014-05-08,10.34,10.34,10.34,10.34,0.0
2014-05-07,10.34,10.34,10.34,10.34,0.0
2014-05-06,10.34,10.34,10.34,10.34,0.0
2014-05-05,10.12,10.35,10.12,10.34,18100.0
2014-05-02,10.34,10.34,10.34,10.34,0.0
2014-05-01,10.19,10.34,10.19,10.34,300.0
2014-04-30,10.3,10.34,10.15,10.34,4000.0
2014-04-29,10.4,10.4,10.4,10.4,2000.0
2014-04-28,10.28,10.29,10.17,10.17,3300.0
2014-04-25,10.3,10.3,10.19,10.29,404.0
2014-04-24,10.4,10.4,10.4,10.4,3.0
2014-04-23,10.2,10.2,10.2,10.2,0.0
2014-04-22,10.2,10.22,10.2,10.2,1006.0
2014-04-21,10.17,10.17,10.17,10.17,0.0
2014-04-17,10.18,10.28,10.15,10.17,53498.0
2014-04-16,10.16,10.28,10.15,10.28,65599.0
2014-04-15,10.33,10.33,10.33,10.33,96.0
2014-04-14,10.22,10.29,10.17,10.29,5101.0
2014-04-11,10.26,10.26,10.26,10.26,0.0
2014-04-10,10.26,10.26,10.26,10.26,0.0
2014-04-09,10.3,10.3,10.19,10.26,11401.0
2014-04-08,10.2,10.2,10.2,10.2,0.0
2014-04-07,10.2,10.2,10.2,10.2,0.0
2014-04-04,10.3,10.3,10.2,10.2,8600.0
2014-04-03,10.21,10.39,10.2,10.21,69680.0
2014-04-02,10.25,10.4,10.22,10.4,32840.0
2014-04-01,10.22,10.22,10.22,10.22,0.0
2014-03-31,10.22,10.22,10.22,10.22,0.0
2014-03-28,10.22,10.22,10.22,10.22,0.0
2014-03-27,10.22,10.22,10.22,10.22,0.0
2014-03-26,10.22,10.22,10.22,10.22,0.0
2014-03-25,10.22,10.22,10.22,10.22,0.0
2014-03-24,10.22,10.22,10.22,10.22,0.0
2014-03-21,10.22,10.22,10.22,10.22,1000.0
2014-03-20,10.23,10.23,10.23,10.23,900.0
2014-03-19,10.26,10.28,10.2,10.28,25112.0
2014-03-18,10.24,10.24,10.24,10.24,0.0
2014-03-17,10.25,10.26,10.24,10.24,2000.0
2014-03-14,10.26,10.26,10.26,10.26,0.0
2014-03-13,10.26,10.26,10.26,10.26,0.0
2014-03-12,10.21,10.26,10.21,10.26,1300.0
2014-03-11,10.21,10.23,10.21,10.23,300.0
2014-03-10,10.22,10.22,10.22,10.22,0.0
2014-03-07,10.22,10.22,10.22,10.22,1200.0
2014-03-06,10.19,10.19,10.19,10.19,0.0
2014-03-05,10.19,10.19,10.19,10.19,300.0
2014-03-04,10.16,10.16,10.12,10.16,2100.0
2014-03-03,10.16,10.16,10.16,10.16,0.0
2014-02-28,10.16,10.16,10.16,10.16,0.0
2014-02-27,10.16,10.25,10.16,10.16,500.0
2014-02-26,10.23,10.23,10.23,10.23,0.0
2014-02-25,10.23,10.23,10.23,10.23,0.0
2014-02-24,10.23,10.23,10.23,10.23,0.0
2014-02-21,10.23,10.23,10.23,10.23,0.0
2014-02-20,10.23,10.23,10.23,10.23,0.0
2014-02-19,10.35,10.35,10.23,10.23,200.0
2014-02-18,10.23,10.23,10.23,10.23,200.0
2014-02-14,10.16,10.16,10.16,10.16,0.0
2014-02-13,10.16,10.16,10.16,10.16,0.0
2014-02-12,10.16,10.16,10.16,10.16,0.0
2014-02-11,10.16,10.16,10.16,10.16,0.0
2014-02-10,10.16,10.16,10.16,10.16,0.0
2014-02-07,10.16,10.16,10.16,10.16,500.0
2014-02-06,10.23,10.28,10.14,10.14,32800.0
2014-02-05,10.23,10.23,10.23,10.23,0.0
2014-02-04,10.19,10.25,10.12,10.23,2700.0
2014-02-03,10.12,10.12,10.12,10.12,90.0
2014-01-31,10.18,10.3,10.12,10.15,57389.0
2014-01-30,10.2,10.29,10.175,10.19,7600.0
2014-01-29,10.3,10.3,10.11,10.12,139504.0
2014-01-28,10.2,10.28,10.12,10.12,48200.0
2014-01-27,10.17,10.17,10.17,10.17,100.0
2014-01-24,10.1601,10.1601,10.1601,10.1601,0.0
2014-01-23,10.1601,10.1601,10.1601,10.1601,0.0
2014-01-22,10.16,10.1601,10.16,10.1601,200.0
2014-01-21,10.12,10.12,10.12,10.12,0.0
2014-01-17,10.12,10.12,10.12,10.12,0.0
2014-01-16,10.18,10.29,10.12,10.12,6500.0
2014-01-15,10.24,10.24,10.24,10.24,0.0
2014-01-14,10.24,10.24,10.24,10.24,200.0
2014-01-13,10.2,10.2,10.2,10.2,0.0
2014-01-10,10.2,10.2,10.2,10.2,0.0
2014-01-09,10.2,10.2,10.2,10.2,0.0
2014-01-08,10.2,10.2,10.2,10.2,0.0
2014-01-07,10.2,10.2,10.2,10.2,0.0
2014-01-06,10.2,10.2,10.2,10.2,0.0
2014-01-03,10.2,10.2,10.2,10.2,0.0
2014-01-02,10.2,10.2,10.2,10.2,0.0
2013-12-31,10.2,10.2,10.2,10.2,0.0
2013-12-30,10.2,10.2,10.2,10.2,0.0
2013-12-27,10.2,10.2,10.2,10.2,0.0
2013-12-26,10.2,10.2,10.2,10.2,0.0
2013-12-24,10.23,10.23,10.19,10.2,400.0
2013-12-23,10.12,10.12,10.12,10.12,0.0
2013-12-20,10.1,10.12,10.1,10.12,31775.0
2013-12-19,10.4,10.4,10.1,10.1,4200.0
2013-12-18,10.2,10.5,10.14,10.14,1700.0
2013-12-17,10.1401,10.1401,10.1401,10.1401,0.0
2013-12-16,10.1401,10.1401,10.1401,10.1401,0.0
2013-12-13,10.1401,10.1401,10.1401,10.1401,0.0
2013-12-12,10.1401,10.1401,10.1401,10.1401,0.0
2013-12-11,10.1401,10.1401,10.1401,10.1401,0.0
2013-12-10,10.1401,10.1401,10.1401,10.1401,0.0
2013-12-09,10.1401,10.1401,10.1401,10.1401,0.0
2013-12-06,10.1401,10.1401,10.1401,10.1401,0.0
2013-12-05,10.1401,10.1401,10.1401,10.1401,0.0
2013-12-04,10.1401,10.1401,10.1401,10.1401,0.0
2013-12-03,10.14,10.1401,10.14,10.1401,600.0
2013-12-02,10.1201,10.1201,10.1201,10.1201,0.0
2013-11-29,10.1201,10.1201,10.1201,10.1201,0.0
2013-11-27,10.1201,10.1201,10.1201,10.1201,0.0
2013-11-26,10.1201,10.1201,10.1201,10.1201,0.0
2013-11-25,10.1201,10.1201,10.1201,10.1201,0.0
2013-11-22,10.1201,10.1201,10.1201,10.1201,0.0
2013-11-21,10.1201,10.1201,10.1201,10.1201,0.0
2013-11-20,10.1201,10.1201,10.1201,10.1201,0.0
2013-11-19,10.1201,10.1201,10.1201,10.1201,0.0
2013-11-18,10.1201,10.1201,10.1201,10.1201,0.0
2013-11-15,10.13,10.13,10.12,10.1201,600.0
2013-11-14,10.1,10.1,10.1,10.1,0.0
2013-11-13,10.1,10.1,10.1,10.1,0.0
2013-11-12,10.1,10.1,10.1,10.1,0.0
2013-11-11,10.1,10.1,10.1,10.1,0.0
2013-11-08,10.1,10.1,10.1,10.1,0.0
2013-11-07,10.1,10.1,10.1,10.1,0.0
2013-11-06,10.1,10.1,10.1,10.1,0.0
2013-11-05,10.1,10.1,10.1,10.1,0.0
2013-11-04,10.11,10.11,10.1,10.1,200.0
2013-11-01,10.162,10.162,10.162,10.162,0.0
2013-10-31,10.162,10.162,10.162,10.162,0.0
2013-10-30,10.162,10.162,10.162,10.162,0.0
2013-10-29,10.162,10.162,10.162,10.162,0.0
2013-10-28,10.162,10.162,10.162,10.162,0.0
2013-10-25,10.162,10.162,10.162,10.162,0.0
2013-10-24,10.15,10.26,10.14,10.14,500.0
2013-10-23,10.11,10.11,10.11,10.11,300.0
2013-10-22,10.12,10.12,10.11,10.11,400.0
2013-10-21,10.12,10.12,10.12,10.12,0.0
2013-10-18,10.12,10.12,10.12,10.12,0.0
2013-10-17,10.12,10.12,10.12,10.12,0.0
2013-10-16,10.14,10.14,10.11,10.12,300.0
2013-10-15,10.11,10.11,10.1,10.1,600.0
2013-10-14,10.19,10.19,10.19,10.19,0.0
2013-10-11,10.19,10.19,10.19,10.19,0.0
2013-10-10,10.19,10.19,10.19,10.19,0.0
2013-10-09,10.19,10.19,10.19,10.19,0.0
2013-10-08,10.09,10.19,10.09,10.19,300.0
2013-10-07,10.1,10.1,10.1,10.1,100.0
2013-10-04,10.13,10.13,10.13,10.13,0.0
2013-10-03,10.14,10.14,10.13,10.13,500.0
2013-10-02,10.09,10.09,10.09,10.09,0.0
2013-10-01,10.09,10.09,10.09,10.09,100.0
2013-09-30,10.11,11.4,10.02,10.03,26797.0
2013-09-27,10.67,10.67,10.67,10.67,0.0
2013-09-26,10.03,10.03,10.03,10.03,0.0
2013-09-25,10.0301,10.0301,10.0301,10.0301,12.0
2013-09-24,10.0301,10.0301,10.0301,10.0301,0.0
2013-09-23,10.0301,10.0301,10.0301,10.0301,0.0
2013-09-20,10.0301,10.0301,10.0301,10.0301,0.0
2013-09-19,10.0301,10.0301,10.0301,10.0301,0.0
2013-09-18,10.0301,10.0301,10.0301,10.0301,0.0
2013-09-17,10.0301,10.0301,10.0301,10.0301,0.0
2013-09-16,10.0301,10.0301,10.0301,10.0301,0.0
2013-09-13,10.0301,10.0301,10.0301,10.0301,0.0
2013-09-12,10.0301,10.0301,10.0301,10.0301,0.0
2013-09-11,10.0301,10.0301,10.0301,10.0301,0.0
2013-09-10,10.0301,10.0301,10.0301,10.0301,0.0
2013-09-09,10.0301,10.0301,10.0301,10.0301,0.0
2013-09-06,10.0301,10.0301,10.0301,10.0301,0.0
2013-09-05,10.0301,10.0301,10.0301,10.0301,0.0
2013-09-04,10.0301,10.0301,10.0301,10.0301,0.0
2013-09-03,10.0301,10.0301,10.0301,10.0301,0.0
2013-08-30,10.0301,10.0301,10.0301,10.0301,0.0
2013-08-29,10.0301,10.0301,10.0301,10.0301,0.0
2013-08-28,10.0301,10.0301,10.03,10.0301,1022.0
2013-08-27,10.05,10.05,10.05,10.05,0.0
2013-08-26,10.05,10.05,10.05,10.05,0.0
2013-08-23,10.0,10.0,10.0,10.0,100.0
2013-08-22,10.0,10.0,10.0,10.0,0.0
2013-08-21,10.0,10.0,10.0,10.0,0.0
2013-08-20,10.0,10.0,10.0,10.0,500.0
2013-08-19,10.03,10.03,10.03,10.03,0.0
2013-08-16,10.03,10.03,10.03,10.03,947.0
2013-08-15,10.05,10.05,10.05,10.05,0.0
2013-08-14,10.05,10.05,10.05,10.05,0.0
2013-08-13,10.0,10.0,9.98,9.98,1200.0
2013-08-12,9.98,9.98,9.98,9.98,0.0
2013-08-09,9.98,9.98,9.98,9.98,0.0
2013-08-08,9.98,9.98,9.98,9.98,0.0
2013-08-07,9.98,9.98,9.98,9.98,0.0
2013-08-06,9.98,9.98,9.98,9.98,0.0
2013-08-05,9.98,9.98,9.98,9.98,0.0
2013-08-02,9.98,9.98,9.98,9.98,0.0
2013-08-01,9.98,9.98,9.98,9.98,0.0
2013-07-31,9.98,9.98,9.98,9.98,0.0
2013-07-30,9.98,9.98,9.98,9.98,0.0
2013-07-29,9.98,9.98,9.98,9.98,0.0
2013-07-26,9.98,9.98,9.98,9.98,0.0
2013-07-25,9.98,9.98,9.98,9.98,0.0
2013-07-24,9.98,9.98,9.98,9.98,0.0
2013-07-23,9.98,9.98,9.98,9.98,222.0
2013-07-22,9.9,9.9,9.9,9.9,0.0
2013-07-19,9.9,9.9,9.9,9.9,0.0
2013-07-18,9.9,9.9,9.9,9.9,0.0
2013-07-17,9.9,9.9,9.9,9.9,0.0
2013-07-16,9.9,9.9,9.9,9.9,0.0
2013-07-15,9.9,9.9,9.9,9.9,0.0
2013-07-12,9.9,9.9,9.9,9.9,0.0
2013-07-11,9.9,9.9,9.9,9.9,0.0
2013-07-10,9.9,9.9,9.9,9.9,0.0
2013-07-09,9.9,9.9,9.9,9.9,0.0
2013-07-08,9.9,9.9,9.9,9.9,100.0
2013-07-05,9.9,9.9,9.9,9.9,0.0
2013-07-03,9.9,9.9,9.9,9.9,100.0
2013-07-02,9.9,9.9,9.9,9.9,600.0
2013-07-01,9.88,9.88,9.88,9.88,0.0
2013-06-28,9.88,9.88,9.88,9.88,0.0
2013-06-27,9.88,9.88,9.88,9.88,0.0
2013-06-26,9.88,9.88,9.88,9.88,0.0
2013-06-25,9.88,9.88,9.88,9.88,0.0
2013-06-24,9.88,9.88,9.88,9.88,0.0
2013-06-21,9.88,9.88,9.88,9.88,0.0
2013-06-20,9.88,9.88,9.88,9.88,100.0
2013-06-19,10.0,10.0,10.0,10.0,0.0
2013-06-18,10.0,10.0,10.0,10.0,0.0
2013-06-17,10.0,10.0,10.0,10.0,0.0
2013-06-14,10.0,10.0,10.0,10.0,0.0
2013-06-13,10.0,10.0,10.0,10.0,0.0
2013-06-12,10.0,10.0,10.0,10.0,0.0
2013-06-11,10.0,10.0,10.0,10.0,0.0
2013-06-10,10.0,10.0,10.0,10.0,78.0
2013-06-07,10.0,10.0,10.0,10.0,0.0
2013-06-06,10.0,10.0,10.0,10.0,0.0
2013-06-05,10.0,10.0,10.0,10.0,0.0
2013-06-04,10.0,10.0,10.0,10.0,100.0
2013-06-03,10.0,10.0,10.0,10.0,300.0
2013-05-31,9.86,9.86,9.86,9.86,300.0
2013-05-30,9.87,9.87,9.87,9.87,0.0
2013-05-29,9.87,9.87,9.87,9.87,0.0
2013-05-28,9.87,9.87,9.87,9.87,0.0
2013-05-24,9.84,9.87,9.84,9.87,2612.0
2013-05-23,9.78,9.78,9.78,9.78,0.0
2013-05-22,9.78,9.78,9.78,9.78,0.0
2013-05-21,9.78,9.78,9.78,9.78,0.0
2013-05-20,9.78,9.78,9.78,9.78,0.0
2013-05-17,9.78,9.78,9.78,9.78,0.0
2013-05-16,9.78,9.78,9.78,9.78,0.0
2013-05-15,9.78,9.78,9.78,9.78,0.0
2013-05-14,9.78,9.78,9.78,9.78,0.0
2013-05-13,9.78,9.78,9.78,9.78,0.0
2013-05-10,9.78,9.78,9.78,9.78,0.0
2013-05-09,9.78,9.78,9.78,9.78,0.0
2013-05-08,9.78,9.78,9.78,9.78,0.0
2013-05-07,9.78,9.78,9.78,9.78,0.0
2013-05-06,9.78,9.78,9.78,9.78,100.0
2013-05-03,9.7801,9.7801,9.7801,9.7801,0.0
2013-05-02,9.7801,9.7801,9.7801,9.7801,0.0
2013-05-01,9.7801,9.7801,9.7801,9.7801,0.0
2013-04-30,9.7801,9.7801,9.7801,9.7801,0.0
2013-04-29,9.7801,9.7801,9.7801,9.7801,0.0
2013-04-26,9.7801,9.7801,9.7801,9.7801,0.0
2013-04-25,7.14,9.7801,7.14,9.7801,1312.0
2013-04-24,9.9,9.9,9.9,9.9,0.0
2013-04-23,9.9,9.9,9.9,9.9,0.0
2013-04-22,9.9,9.9,9.9,9.9,0.0
2013-04-19,9.9,9.9,9.9,9.9,0.0
2013-04-18,9.9,9.9,9.9,9.9,0.0
2013-04-17,9.9,9.9,9.9,9.9,0.0
2013-04-16,9.89,9.9,9.89,9.9,300.0
2013-04-15,9.98,9.98,9.98,9.98,0.0
2013-04-12,9.98,9.98,9.98,9.98,0.0
2013-04-11,9.95,9.98,9.95,9.98,200.0
2013-04-10,9.93,9.98,9.93,9.95,600.0
2013-04-09,9.7,9.7,9.7,9.7,0.0
2013-04-08,9.7,9.7,9.7,9.7,0.0
2013-04-05,9.51,9.7,9.51,9.7,300.0
2013-04-04,9.98,9.98,9.9499,9.95,1712.0
2013-04-03,9.0,9.0,9.0,9.0,0.0
2013-04-02,9.0,9.0,9.0,9.0,0.0
2013-04-01,9.0,9.0,9.0,9.0,0.0
2013-03-28,9.0,9.0,9.0,9.0,0.0
2013-03-27,9.0,9.0,9.0,9.0,0.0
2013-03-26,9.0,9.0,9.0,9.0,0.0
2013-03-25,9.0,9.0,9.0,9.0,0.0
2013-03-22,9.0,9.0,9.0,9.0,0.0
2013-03-21,9.0,9.0,9.0,9.0,0.0
2013-03-20,9.0,9.0,9.0,9.0,0.0
2013-03-19,9.0,9.0,9.0,9.0,0.0
2013-03-18,9.0,9.0,9.0,9.0,0.0
2013-03-15,9.0,9.0,9.0,9.0,0.0
2013-03-14,9.0,9.0,9.0,9.0,0.0
2013-03-13,9.0,9.0,9.0,9.0,0.0
2013-03-12,9.0,9.0,9.0,9.0,0.0
2013-03-11,9.0,9.0,9.0,9.0,0.0
2013-03-08,9.0,9.0,9.0,9.0,0.0
2013-03-07,9.89,9.98,7.0,9.0,4100.0
