date,1. open,2. high,3. low,4. close,5. volume
2022-02-22,9.76,9.76,9.76,9.76,5598.0
2022-02-18,9.77,9.77,9.77,9.77,15703.0
2022-02-17,9.7798,9.7798,9.7798,9.7798,513.0
2022-02-16,9.75,9.75,9.75,9.75,77.0
2022-02-15,9.75,9.75,9.75,9.75,120.0
2022-02-14,9.75,9.765,9.75,9.75,4377.0
2022-02-11,9.76,9.76,9.75,9.75,31474.0
2022-02-10,9.76,9.76,9.76,9.76,913.0
2022-02-09,9.74,9.74,9.74,9.74,10.0
2022-02-08,9.7401,9.7401,9.74,9.74,208.0
2022-02-07,9.78,9.78,9.77,9.78,3362.0
2022-02-04,9.73,9.73,9.73,9.73,149.0
2022-02-03,9.731,9.731,9.73,9.73,498.0
2022-02-02,9.74,9.74,9.74,9.74,413.0
2022-02-01,9.78,9.8,9.73,9.77,21395.0
2022-01-31,9.77,9.77,9.77,9.77,712.0
2022-01-28,9.71,9.71,9.71,9.71,1510.0
2022-01-27,9.74,9.75,9.71,9.71,3181.0
2022-01-26,9.77,9.77,9.72,9.73,1020.0
2022-01-25,9.73,9.73,9.7,9.71,12913.0
2022-01-24,9.73,9.73,9.73,9.73,25871.0
2022-01-21,9.74,9.74,9.735,9.735,4328.0
2022-01-20,9.71,9.72,9.71,9.72,1753.0
2022-01-19,9.74,9.74,9.74,9.74,82.0
2022-01-18,9.76,9.76,9.73,9.74,1557.0
2022-01-14,9.73,9.74,9.73,9.74,23318.0
2022-01-13,9.75,9.75,9.75,9.75,433.0
2022-01-12,9.74,9.74,9.74,9.74,119.0
2022-01-11,9.74,9.74,9.74,9.74,58.0
2022-01-10,9.74,9.745,9.74,9.74,6867.0
2022-01-07,9.74,9.75,9.74,9.75,517.0
2022-01-06,9.74,9.76,9.74,9.76,19158.0
2022-01-05,9.73,9.75,9.73,9.75,227877.0
2022-01-04,9.75,9.75,9.75,9.75,2.0
2022-01-03,9.76,9.77,9.73,9.75,182911.0
2021-12-31,9.73,9.76,9.73,9.76,8573.0
2021-12-30,9.73,9.76,9.73,9.75,79193.0
2021-12-29,9.73,9.77,9.73,9.77,5809.0
2021-12-28,9.74,9.76,9.74,9.76,3570.0
2021-12-27,9.7516,9.7516,9.7516,9.7516,482.0
2021-12-23,9.75,9.75,9.75,9.75,295.0
2021-12-22,9.73,9.75,9.73,9.75,4913.0
2021-12-21,9.73,9.73,9.73,9.73,122.0
2021-12-20,9.77,9.77,9.77,9.77,74.0
2021-12-17,9.74,9.77,9.74,9.77,2719.0
2021-12-16,9.76,9.76,9.76,9.76,35.0
2021-12-15,9.74,9.76,9.74,9.76,2275.0
2021-12-14,9.74,9.75,9.74,9.75,531607.0
2021-12-13,9.74,9.76,9.74,9.75,2321.0
2021-12-10,9.74,9.76,9.74,9.76,302839.0
2021-12-09,9.76,9.77,9.71,9.76,210762.0
2021-12-08,9.8,9.8,9.8,9.8,6.0
2021-12-07,9.7501,9.8,9.7501,9.8,4985.0
2021-12-06,9.76,9.79,9.76,9.79,2310.0
2021-12-03,9.77,9.79,9.77,9.79,624.0
2021-12-02,9.77,9.78,9.77,9.78,17945.0
2021-12-01,9.77,9.78,9.77,9.78,14858.0
2021-11-30,9.76,9.8,9.76,9.8,50349.0
2021-11-29,9.82,9.82,9.77,9.78,207966.0
2021-11-26,9.81,9.81,9.81,9.81,255.0
2021-11-24,9.81,9.81,9.81,9.81,88.0
2021-11-23,9.78,9.81,9.76,9.81,28987.0
2021-11-22,9.7501,9.7501,9.75,9.75,1178.0
2021-11-19,9.76,9.76,9.76,9.76,10245.0
2021-11-18,9.74,9.74,9.74,9.74,3.0
2021-11-17,9.74,9.74,9.74,9.74,266.0
2021-11-16,9.75,9.75,9.75,9.75,3.0
2021-11-15,9.75,9.75,9.75,9.75,205.0
2021-11-12,9.75,9.76,9.75,9.76,8692.0
2021-11-11,9.75,9.77,9.75,9.77,96336.0
2021-11-10,9.75,9.75,9.75,9.75,260.0
2021-11-09,9.76,9.77,9.76,9.77,21153.0
2021-11-08,9.76,9.77,9.76,9.77,6359.0
2021-11-05,9.75,9.77,9.74,9.755,7458.0
2021-11-04,9.75,9.78,9.75,9.78,2010.0
2021-11-03,9.7582,9.78,9.7478,9.78,39259.0
2021-11-02,9.76,9.77,9.76,9.77,2926.0
2021-11-01,9.74,9.76,9.74,9.76,3304.0
2021-10-29,9.76,9.76,9.76,9.76,1466.0
2021-10-28,9.75,9.76,9.75,9.76,901.0
2021-10-27,9.76,9.78,9.76,9.7704,2923.0
2021-10-26,9.75,9.76,9.75,9.76,16478.0
2021-10-25,9.79,9.79,9.75,9.78,31712.0
2021-10-22,9.76,9.77,9.75,9.76,2297.0
2021-10-21,9.75,9.75,9.75,9.75,1.0
2021-10-20,9.75,9.76,9.75,9.75,1760.0
2021-10-19,9.78,9.78,9.78,9.78,155.0
2021-10-18,9.74,9.78,9.73,9.78,141156.0
2021-10-15,9.775,9.79,9.74,9.75,248966.0
2021-10-14,9.77,9.95,9.74,9.95,79790.0
2021-10-13,9.75,9.76,9.75,9.76,25282.0
2021-10-12,9.74,9.76,9.74,9.76,17859.0
2021-10-11,9.76,9.76,9.76,9.76,12.0
2021-10-08,9.76,9.77,9.76,9.76,7611.0
2021-10-07,9.77,9.77,9.77,9.77,1578.0
2021-10-06,9.76,9.78,9.74,9.76,16765.0
2021-10-05,9.75,9.77,9.75,9.77,486.0
2021-10-04,9.76,9.77,9.74,9.74,3104.0
2021-10-01,9.78,9.78,9.76,9.76,4574.0
2021-09-30,9.74,9.76,9.74,9.76,26648.0
2021-09-29,9.73,9.74,9.73,9.74,2286.0
2021-09-28,9.71,9.73,9.7,9.73,11381.0
2021-09-27,9.69,9.73,9.67,9.73,2323.0
2021-09-24,9.73,9.73,9.73,9.73,22.0
2021-09-23,9.71,9.73,9.71,9.73,4437.0
2021-09-22,9.69,9.71,9.69,9.71,746.0
2021-09-21,9.72,9.72,9.72,9.72,5.0
2021-09-20,9.69,9.72,9.69,9.72,13116.0
2021-09-17,9.69,9.7,9.69,9.7,1980.0
2021-09-16,9.7,9.7,9.7,9.7,14503.0
2021-09-15,9.74,9.74,9.65,9.67,23417.0
2021-09-14,9.67,9.72,9.67,9.72,2211.0
2021-09-13,9.69,9.71,9.68,9.71,6646.0
2021-09-10,9.67,9.72,9.65,9.72,15982.0
2021-09-09,9.69,9.7,9.67,9.7,992.0
2021-09-08,9.7,9.7,9.7,9.7,5.0
2021-09-07,9.69,9.7,9.69,9.7,1159.0
2021-09-03,9.7,9.7,9.7,9.7,50.0
2021-09-02,9.67,9.7,9.67,9.7,9410.0
2021-09-01,9.68,9.68,9.68,9.68,589.0
2021-08-31,9.66,9.74,9.64,9.74,106618.0
2021-08-30,9.66,9.66,9.66,9.66,1016.0
2021-08-27,9.66,9.66,9.66,9.66,82.0
2021-08-26,9.66,9.66,9.66,9.66,829.0
2021-08-25,9.66,9.66,9.66,9.66,1015.0
2021-08-24,9.64,9.64,9.64,9.64,24.0
2021-08-23,9.71,9.71,9.64,9.64,1852.0
2021-08-20,9.65,9.65,9.65,9.65,3787.0
2021-08-19,9.65,9.65,9.65,9.65,20.0
2021-08-18,9.65,9.65,9.65,9.65,3009.0
2021-08-17,9.66,9.67,9.66,9.66,9175.0
2021-08-16,9.7,9.7,9.69,9.69,206.0
2021-08-13,9.69,9.69,9.69,9.69,53.0
2021-08-12,9.69,9.69,9.69,9.69,14.0
2021-08-11,9.69,9.69,9.69,9.69,2242.0
2021-08-10,9.73,9.73,9.73,9.73,24.0
2021-08-09,9.73,9.73,9.73,9.73,162.0
2021-08-06,9.71,9.71,9.71,9.71,3325.0
2021-08-05,9.67,9.67,9.67,9.67,255.0
2021-08-04,9.7,9.7,9.68,9.68,3885.0
2021-08-03,9.72,9.72,9.72,9.72,6027.0
2021-08-02,9.7,9.705,9.67,9.705,4864.0
2021-07-30,9.66,9.72,9.66,9.71,11003.0
2021-07-29,9.67,9.67,9.665,9.67,1194.0
2021-07-28,9.61,9.7,9.61,9.69,6597.0
2021-07-27,9.68,9.68,9.66,9.665,29958.0
2021-07-26,9.67,9.675,9.67,9.675,1917.0
2021-07-23,9.67,9.68,9.67,9.68,3126.0
2021-07-22,9.68,9.68,9.68,9.68,302.0
2021-07-21,9.71,9.71,9.7,9.7,6527.0
2021-07-20,9.71,9.71,9.71,9.71,102.0
2021-07-19,9.67,9.67,9.67,9.67,6.0
2021-07-16,9.678,9.71,9.66,9.67,16155.0
2021-07-15,9.76,9.76,9.67,9.67,9395.0
2021-07-14,9.67,9.74,9.67,9.73,31900.0
2021-07-13,9.71,9.71,9.68,9.68,33938.0
2021-07-12,9.68,9.7,9.66,9.7,67592.0
2021-07-09,9.75,9.75,9.663,9.663,1379.0
2021-07-08,9.74,9.75,9.67,9.749,33700.0
2021-07-07,9.68,9.73,9.68,9.73,3302.0
2021-07-06,9.7,9.76,9.67,9.73,71593.0
2021-07-02,9.655,9.655,9.655,9.655,22.0
2021-07-01,9.67,9.73,9.65,9.655,18856.0
2021-06-30,9.685,9.685,9.685,9.685,7104.0
2021-06-29,9.65,9.68,9.63,9.65,6436.0
2021-06-28,9.65,9.7,9.61,9.68,32842.0
2021-06-25,9.78,9.78,9.68,9.68,365.0
2021-06-24,9.73,9.73,9.68,9.72,120641.0
2021-06-23,9.65,9.7021,9.65,9.69,69368.0
2021-06-22,9.68,9.78,9.68,9.77,1182.0
2021-06-21,9.7,9.7,9.68,9.68,2207.0
2021-06-18,9.71,9.73,9.67,9.7,205990.0
2021-06-17,9.7,9.72,9.7,9.71,43035.0
2021-06-16,9.74,9.74,9.71,9.74,2993.0
2021-06-15,9.74,9.74,9.74,9.74,3.0
2021-06-14,9.83,9.84,9.7,9.74,3807.0
2021-06-11,9.7,9.79,9.68,9.72,27568.0
2021-06-10,9.73,9.73,9.66,9.7,44583.0
2021-06-09,9.68,9.74,9.67,9.74,12879.0
2021-06-08,9.67,9.75,9.67,9.75,9618.0
2021-06-07,9.71,9.71,9.71,9.71,54.0
2021-06-04,9.71,9.71,9.71,9.71,14.0
2021-06-03,9.71,9.71,9.71,9.71,29.0
2021-06-02,9.71,9.71,9.71,9.71,3099.0
2021-06-01,9.72,9.72,9.66,9.71,14204.0
2021-05-28,9.626,9.72,9.626,9.72,2000.0
2021-05-27,9.72,9.72,9.72,9.72,14.0
2021-05-26,9.68,9.84,9.68,9.72,4384.0
2021-05-25,9.67,9.69,9.665,9.68,27322.0
2021-05-24,9.67,9.7,9.67,9.7,21109.0
2021-05-21,9.86,9.86,9.66,9.7,15630.0
2021-05-20,9.71,9.8,9.71,9.73,5366.0
2021-05-19,9.72,9.72,9.67,9.68,80988.0
2021-05-18,9.71,9.75,9.7,9.75,12576.0
2021-05-17,9.74,9.74,9.7,9.74,14055.0
2021-05-14,9.71,9.72,9.71,9.72,10290.0
2021-05-13,9.71,9.75,9.71,9.74,18472.0
2021-05-12,9.74,9.75,9.71,9.75,35284.0
2021-05-11,9.74,9.75,9.74,9.75,1206.0
2021-05-10,9.76,9.76,9.74,9.75,3109.0
2021-05-07,9.72,9.76,9.71,9.75,26735.0
2021-05-06,9.71,9.76,9.695,9.73,42164.0
2021-05-05,9.7,9.72,9.7,9.705,22611.0
2021-05-04,9.71,9.74,9.7,9.74,18227.0
2021-05-03,9.7,9.74,9.69,9.72,26552.0
2021-04-30,9.71,9.72,9.69,9.72,32305.0
2021-04-29,9.71,9.74,9.7,9.72,7298.0
2021-04-28,9.74,9.76,9.7,9.71,24810.0
2021-04-27,9.9814,9.9814,9.68,9.76,169783.0
2021-04-26,9.77,9.77,9.76,9.76,681.0
2021-04-23,9.76,9.79,9.75,9.79,8164.0
2021-04-22,9.7771,9.9,9.73,9.87,206444.0
2021-04-21,9.9,10.0,9.77,10.0,9692.0
2021-04-20,9.9,9.9,9.9,9.9,17.0
2021-04-19,9.805,9.9,9.805,9.9,14866.0
2021-04-16,9.92,9.92,9.8,9.81,18133.0
2021-04-15,9.81,9.85,9.81,9.85,5288.0
2021-04-14,9.9,9.99,9.79,9.79,771939.0
2021-04-13,9.91,9.92,9.88,9.92,6746.0
2021-04-12,9.9099,9.9099,9.9099,9.9099,1091.0
2021-04-09,9.7899,9.7899,9.7899,9.7899,221.0
2021-04-08,9.785,9.79,9.785,9.79,1327.0
2021-04-07,9.79,9.8,9.79,9.79,9900.0
2021-04-06,9.77,9.8,9.77,9.77,4784.0
2021-04-05,9.75,9.75,9.75,9.75,211.0
2021-04-01,9.7,9.85,9.7,9.75,2810.0
2021-03-31,9.6201,9.6277,9.62,9.6277,1422.0
2021-03-30,9.8,9.8,9.8,9.8,49.0
2021-03-29,9.8,9.8,9.8,9.8,542.0
2021-03-26,9.62,9.655,9.62,9.655,2519.0
2021-03-25,9.51,9.675,9.51,9.6,2422.0
2021-03-24,9.71,9.72,9.68,9.7,20379.0
2021-03-23,9.65,9.7,9.6,9.66,349828.0
2021-03-22,9.6871,9.73,9.678,9.7,4055.0
2021-03-19,9.83,9.83,9.7,9.75,4091.0
2021-03-18,9.6316,9.77,9.6316,9.77,912.0
2021-03-17,9.5739,9.8,9.5739,9.68,5668.0
2021-03-16,9.8,9.8,9.7832,9.7852,1822.0
