date,1. open,2. high,3. low,4. close,5. volume
2022-02-22,12.66,12.74,11.99,12.26,125038.0
2022-02-18,13.07,13.1,12.78,12.82,82149.0
2022-02-17,13.28,13.42,13.05,13.05,107664.0
2022-02-16,12.72,13.56,12.7,13.31,81462.0
2022-02-15,12.31,12.75,12.2913,12.75,82255.0
2022-02-14,12.56,12.6,12.13,12.21,109421.0
2022-02-11,12.5,12.61,12.37,12.53,160079.0
2022-02-10,12.5,12.64,12.42,12.5,131026.0
2022-02-09,12.63,12.68,12.47,12.57,127672.0
2022-02-08,12.6,12.75,12.52,12.55,126743.0
2022-02-07,12.72,12.8219,12.49,12.6,202026.0
2022-02-04,12.55,12.8018,12.4425,12.66,182363.0
2022-02-03,12.6,12.7,12.46,12.51,138773.0
2022-02-02,12.72,12.82,12.34,12.7,151663.0
2022-02-01,12.12,12.63,11.85,12.57,238059.0
2022-01-31,12.12,12.15,11.9,12.08,259187.0
2022-01-28,11.71,11.8675,11.44,11.79,188596.0
2022-01-27,11.79,11.87,11.43,11.71,125682.0
2022-01-26,12.1,12.1673,11.58,11.67,182831.0
2022-01-25,12.0,12.15,11.79,12.02,283409.0
2022-01-24,12.1,12.388,12.03,12.1,193917.0
2022-01-21,12.55,12.68,12.24,12.25,300324.0
2022-01-20,12.83,12.84,12.6,12.63,67253.0
2022-01-19,12.84,13.1864,12.7,12.72,60207.0
2022-01-18,13.12,13.27,12.77,12.8,68096.0
2022-01-14,13.39,13.47,13.0,13.3,114669.0
2022-01-13,13.16,13.68,12.95,13.5,162864.0
2022-01-12,13.06,13.44,12.81,13.15,156761.0
2022-01-11,12.67,13.14,12.67,13.0,86095.0
2022-01-10,13.07,13.07,12.64,12.74,220914.0
2022-01-07,13.06,13.2,12.91,13.1,65319.0
2022-01-06,13.15,13.3351,12.81,13.07,122143.0
2022-01-05,13.36,13.6,13.0,13.2,132245.0
2022-01-04,13.67,13.68,13.12,13.43,253903.0
2022-01-03,14.11,14.19,13.39,13.67,174837.0
2021-12-31,13.55,14.03,13.55,13.98,130739.0
2021-12-30,13.18,13.61,13.07,13.54,169042.0
2021-12-29,12.76,13.35,12.53,13.15,193274.0
2021-12-28,12.61,12.83,12.61,12.74,189729.0
2021-12-27,12.69,12.92,12.5,12.65,91413.0
2021-12-23,12.43,12.8,12.4,12.6,228556.0
2021-12-22,12.28,12.56,12.28,12.42,194715.0
2021-12-21,12.2,12.54,12.09,12.3,517618.0
2021-12-20,12.16,12.72,12.14,12.14,643621.0
2021-12-17,12.96,13.54,12.33,12.71,1412681.0
2021-12-16,13.42,13.69,13.02,13.03,570557.0
2021-12-15,13.26,13.92,13.11,13.43,461406.0
2021-12-14,13.24,13.7,13.03,13.25,161400.0
2021-12-13,13.99,14.1899,13.06,13.49,174577.0
2021-12-10,14.45,14.6,13.59,14.03,145046.0
2021-12-09,14.54,14.8472,13.86,14.38,145450.0
2021-12-08,15.01,15.0296,14.2301,14.73,188563.0
2021-12-07,14.51,15.2965,14.51,15.01,228214.0
2021-12-06,14.5,14.9,14.1,14.5,416603.0
2021-12-03,14.4,14.6,14.212,14.35,365813.0
2021-12-02,14.18,14.38,13.91,14.35,472134.0
2021-12-01,13.88,14.3,13.86,14.02,298614.0
2021-11-30,13.22,13.8,13.05,13.77,334637.0
2021-11-29,13.41,13.41,12.93,13.17,274798.0
2021-11-26,13.32,13.37,13.1265,13.27,31734.0
2021-11-24,13.1,13.53,13.1,13.5,75619.0
2021-11-23,13.9,13.9,12.9,13.23,449797.0
2021-11-22,14.68,14.95,13.92,13.93,329282.0
2021-11-19,13.91,14.245,13.61,13.95,176875.0
2021-11-18,13.93,14.39,13.47,14.03,372551.0
2021-11-17,14.01,14.273,13.8,13.96,209153.0
2021-11-16,13.99,14.4799,13.86,13.96,283995.0
2021-11-15,13.85,14.67,13.69,13.99,389757.0
2021-11-12,12.63,14.0,12.63,13.45,562971.0
2021-11-11,12.31,12.75,12.13,12.65,167049.0
2021-11-10,12.36,12.7898,12.36,12.55,334646.0
2021-11-09,12.32,12.6,12.31,12.57,209174.0
2021-11-08,12.36,12.6,12.25,12.49,267076.0
2021-11-05,12.22,12.6,12.22,12.5,85776.0
2021-11-04,12.05,12.5,12.05,12.42,121638.0
2021-11-03,12.18,12.65,12.07,12.25,191532.0
2021-11-02,12.05,12.48,12.05,12.32,93376.0
2021-11-01,12.39,12.72,12.0,12.15,491592.0
2021-10-29,12.12,12.72,12.1,12.5,384727.0
2021-10-28,12.42,12.5796,12.1,12.21,331386.0
2021-10-27,12.35,13.155,12.23,12.35,330073.0
2021-10-26,12.5,12.7,12.01,12.49,682201.0
2021-10-25,12.01,12.69,12.0,12.5,1119191.0
2021-10-22,12.0,12.1,11.71,12.0,851660.0
2021-10-21,12.02,12.7,11.27,12.08,6070390.0
